6.2713 26.879
6.2715 25.99
6.2716 25.129
6.2717 24.297
6.2718 23.493
6.2719 22.715
6.272 21.963
6.2721 21.236
6.2722 20.533
6.2723 19.196
6.2724 18.561
6.2725 17.946
6.2726 17.352
6.2727 16.778
6.3712 16.223
6.3713 15.686
6.3714 15.166
6.3715 14.664
6.3716 14.179
6.3717 13.709
6.3718 13.255
6.3719 12.392
6.3721 11.585
6.4723 10.831
6.4724 10.473
6.4725 10.126
6.4726 9.7909
6.4727 9.4667
6.4729 8.8503
6.4731 8.0001
6.4732 7.7353
6.5749 7.4794
6.575 7.2318
6.5751 6.9924
6.5752 6.7609
6.5753 6.5371
6.5754 6.3207
6.5755 6.1114
6.5756 5.9091
6.5758 5.3415
6.6792 4.9938
6.6793 4.8285
6.6794 4.6686
6.6795 4.5141
6.6796 4.3646
6.6797 4.2201
6.6798 4.0804
6.6799 3.9453
6.68 3.8147
6.6801 3.6885
6.6802 3.5663
6.6803 3.4483
6.7852 3.3342
6.7854 3.1171
6.7856 2.9141
6.7858 2.7244
6.7859 2.6342
6.786 2.547
6.7861 2.4627
6.7862 2.3811
6.8928 2.3024
6.8929 2.2262
6.893 2.1525
6.8931 2.0812
6.8932 1.9457
6.8933 1.8813
6.8934 1.819
6.8935 1.7588
6.8936 1.7006
6.8937 1.6443
7.002 1.5899
7.0021 1.5372
7.0022 1.4863
7.0023 1.4371
7.0024 1.3896
7.0025 1.3436
7.0026 1.2991
7.1126 1.2561
7.1127 1.2145
7.1128 1.1743
7.1129 1.1354
7.113 1.0979
7.1131 1.0615
7.2248 1.0264
7.225 0.99242
7.2251 0.95957
7.2252 0.9278
7.2253 0.89709
7.2254 0.86739
7.3389 0.8387
7.339 0.81093
7.3391 0.78408
7.3392 0.75813
7.3393 0.73303
7.3394 0.70876
7.4546 0.68532
7.4548 0.66263
7.4549 0.64069
7.455 0.61948
7.4551 0.59898
7.4552 0.57915
7.4553 0.55997
7.5724 0.54145
7.5725 0.52353
7.5726 0.50619
7.5727 0.48944
7.5728 0.47323
7.5729 0.45757
7.6919 0.44243
7.692 0.42779
7.6921 0.41362
7.6922 0.39993
7.6923 0.38669
7.6924 0.37389
7.8133 0.36152
7.8134 0.34955
7.8135 0.33798
7.8136 0.32679
7.8138 0.30551
7.9367 0.28563
7.9369 0.26703
7.937 0.25819
7.9371 0.24964
8.0618 0.24139
8.0619 0.23339
8.062 0.22567
8.0621 0.2182
8.0623 0.21097
8.1889 0.20399
8.189 0.19724
8.1891 0.19071
8.1892 0.1844
8.3179 0.1783
8.318 0.1724
8.3181 0.16669
8.3182 0.16117
8.3183 0.15584
8.449 0.15068
8.4491 0.14569
8.4492 0.14087
8.4494 0.13621
8.4495 0.1317
8.5822 0.12734
8.5823 0.12312
8.5824 0.11905
8.5826 0.11511
8.7174 0.1113
8.7175 0.10762
8.7176 0.10405
8.7178 0.10061
8.7179 0.097277
8.8548 0.09406
8.8549 0.090946
8.8551 0.087935
8.8552 0.085024
8.9943 0.082212
8.9944 0.07949
8.9945 0.076858
8.9947 0.074314
9.136 0.071856
9.1362 0.067177
9.1363 0.064953
9.2799 0.062805
9.28 0.060725
9.2801 0.058715
9.2802 0.056771
9.426 0.054893
9.4262 0.053076
9.4263 0.051319
9.4264 0.04962
9.5745 0.047979
9.5746 0.046391
9.5748 0.044855
9.5749 0.04337
9.7252 0.041935
9.7254 0.040547
9.7256 0.039205
9.8782 0.037908
9.8784 0.036653
9.8786 0.03544
9.8788 0.034266
10.0339 0.033133
10.0341 0.032036
10.0342 0.030975
10.1918 0.029951
10.192 0.028959
10.1921 0.028001
10.3522 0.027074
10.3523 0.026178
10.3525 0.025311
10.5151 0.024474
10.5152 0.023664
10.5154 0.022881
10.6806 0.022124
10.6808 0.020683
10.8487 0.019999
10.8488 0.019337
10.849 0.018697
11.0194 0.018078
11.0195 0.01748
11.1926 0.016902
11.1928 0.016342
11.1929 0.015801
11.3687 0.015278
11.3689 0.014773
11.3691 0.014284
11.5476 0.013811
11.5478 0.013354
11.548 0.012912
11.7294 0.012485
11.7295 0.012071
11.7297 0.011672
11.9139 0.011286
11.9141 0.010912
11.9143 0.010551
12.1014 0.010202
12.1016 0.0098641
12.1018 0.0095376
12.2919 0.0092221
12.292 0.0089168
12.2922 0.0086216
12.4853 0.0083364
12.4855 0.0080605
12.4856 0.0077936
12.6818 0.0075358
12.6819 0.0072863
12.6821 0.0070451
12.8813 0.0068121
12.8815 0.0065866
13.0838 0.0063687
13.084 0.0061579
13.0842 0.005954
13.2897 0.0057571
13.2899 0.0055665
13.4987 0.0053824
13.4989 0.0052042
13.7109 0.005032
13.7111 0.0048654
13.9264 0.0047045
13.9266 0.0045488
13.9268 0.0043982
14.1456 0.0042527
14.1458 0.0041119
14.3679 0.0039759
14.3682 0.0038443
14.5939 0.0037171
14.5941 0.0035941
14.8233 0.0034752
14.8235 0.0033601
15.0564 0.003249
15.0566 0.0031414
15.2931 0.0030375
15.2933 0.002937
15.5335 0.0028398
15.5338 0.0027458
15.7778 0.002655
15.778 0.0025671
16.0258 0.0024822
16.0261 0.0024
16.2778 0.0023206
16.5335 0.0022438
16.5337 0.0021696
16.7934 0.0020978
16.7936 0.0020284
16.7939 0.0019612
17.0574 0.0019613
17.3254 0.0018964
17.3256 0.0018336
17.5977 0.001773
17.8742 0.0017143
17.8744 0.0016576
18.1552 0.0016027
18.1554 0.0015497
18.4405 0.0014984
18.7303 0.0014488
18.7305 0.0014009
19.0247 0.0013545
19.3235 0.0013097
19.3237 0.0012664
19.6274 0.0012245
19.9357 0.001184
20.2488 0.0011448
20.5669 0.001107
20.8899 0.0010703
21.218 0.0010349
21.5513 0.0010007
21.8898 0.0009676
22.2337 0.0009356
22.5829 0.00090465
22.9376 0.00087472
23.2979 0.00084579
23.6639 0.00081781
24.0356 0.00079076
24.4131 0.00076461
24.7966 0.00073931
25.1861 0.00071486
25.5817 0.00069121
25.9835 0.00066835
26.3916 0.00064624
26.8062 0.00062487
27.2272 0.0006042
27.6549 0.00058421
28.0893 0.00056489
28.5305 0.0005462
28.9787 0.00052814
29.4338 0.00051067
29.8961 0.00049377
30.3658 0.00047744
30.8423 0.00047745
31.3267 0.00046166
31.8184 0.00046167
32.3181 0.0004464
32.8253 0.00044642
33.3409 0.00043165
33.8641 0.00043166
34.3961 0.00041738
34.9358 0.0004174
35.4841 0.00041741
36.0414 0.0004036
36.607 0.00040361
37.1815 0.00040362
37.7654 0.00039027
38.3582 0.00039028
38.9602 0.0003903
39.5721 0.00037739
40.1931 0.0003774
40.8239 0.00037741
41.4645 0.00037742
42.1158 0.00036493
42.7768 0.00036494
43.4481 0.00036495
44.1299 0.00036496
44.8224 0.00036497
45.5258 0.00036499
46.2402 0.000365
46.9659 0.00036501
47.7029 0.00036502
48.4515 0.00036503
49.2119 0.00036504
49.9842 0.00036505
50.7686 0.00036506
51.5653 0.00036507
52.3745 0.00036508
53.1964 0.00036509
54.0312 0.0003651
54.8791 0.00036511
55.7404 0.00036512
56.6151 0.00036513
57.5034 0.00036514
58.406 0.00036515
59.3225 0.00036516
60.2535 0.00036517
61.199 0.00036518
62.1594 0.00036519
63.1349 0.0003652
64.1248 0.00037772
65.1311 0.00037773
65.1301 0.00039066
66.1522 0.00039067
67.1904 0.00039068
68.2448 0.0003907
69.3157 0.00039071
70.4035 0.00039072
71.5084 0.00039073
72.6305 0.00039074
73.7703 0.00039075
74.928 0.00039076
76.1038 0.00039077
77.297 0.00040416
78.5101 0.00040418
79.7421 0.00040419
80.9935 0.0004042
82.2634 0.00041805
83.5543 0.00041806
84.8656 0.00041807
86.1974 0.00041809
87.5488 0.00043241
88.9226 0.00043242
90.3182 0.00043244
91.7355 0.00043245
93.1752 0.00043246
94.636 0.00044728
96.1211 0.00044729
97.6296 0.00044731
99.1602 0.00046264
100.7164 0.00046265
102.2969 0.00046266
103.9008 0.00047852
105.5312 0.00047853
107.1859 0.00049493
108.8679 0.00049494
110.5764 0.00049496
112.3101 0.00051192
114.0726 0.00051193
115.8627 0.00051195
117.6793 0.00052949
119.526 0.0005295
121.4017 0.00052952
123.3051 0.00054767
125.2402 0.00054768
127.2056 0.0005477
129.2 0.00056647
131.2275 0.00056648
133.2869 0.0005665
135.3766 0.00058591
137.5011 0.00058593
139.6569 0.00060601
141.8485 0.00060602
144.0746 0.00060604
146.3334 0.00062681
148.6298 0.00062683
150.9623 0.00062684
153.3292 0.00064832
155.7354 0.00064834
158.1793 0.00064836
160.6593 0.00067058
163.1806 0.0006706
165.7414 0.00067062
168.3399 0.0006936
170.9817 0.00069362
173.6649 0.00069364
176.3877 0.00071741
179.1558 0.00071743
181.9647 0.00074201
184.8203 0.00074203
187.7207 0.00074205
190.6638 0.00076748
193.6559 0.00076751
196.6949 0.00076753
199.7789 0.00079383
202.914 0.00079385
206.0983 0.00079387
209.3296 0.00082108
212.6147 0.0008211
215.9482 0.00084924
219.337 0.00084926
222.7759 0.00087837
226.272 0.00087839
229.8228 0.00087842
233.4261 0.00090852
237.0893 0.00090854
240.8065 0.00093968
244.5855 0.0009397
248.4202 0.00097191
252.3187 0.00097193
256.2783 0.00097196
260.2964 0.0010053
264.3812 0.0010053
268.5264 0.0010397
272.7403 0.0010398
277.0165 0.0010754
281.3637 0.0010754
285.7792 0.0010755
290.2598 0.0011123
294.8148 0.0011124
299.4371 0.0011505
304.1362 0.0011505
308.9045 0.0011899
313.7522 0.00119
318.676 0.00119
323.6723 0.0012308
328.7517 0.0012308
333.9061 0.001273
339.1461 0.001273
344.4634 0.0013167
349.8691 0.0013167
355.3596 0.0013167
360.9311 0.0013618
366.5952 0.0013619
372.3429 0.0014086
378.186 0.0014086
384.1209 0.0014086
390.1434 0.0014569
396.2659 0.0014569
402.4788 0.0015069
408.7949 0.0015069
415.2042 0.0015586
421.72 0.0015586
428.332 0.001612
435.0538 0.0016121
441.8748 0.0016673
448.8091 0.0016673
455.8458 0.0017245
462.9928 0.0017836
470.2586 0.0017836
477.6316 0.0018448
485.127 0.0018448
492.733 0.001908
500.4656 0.0019081
508.3122 0.0019735
516.2891 0.0019735
524.3912 0.0019736
532.6129 0.0020412
540.9712 0.0020413
549.4607 0.0020413
558.0755 0.0021113
566.8333 0.0021113
575.7205 0.0021837
584.7553 0.0021837
593.9318 0.0021838
603.2438 0.0022586
612.7105 0.0022587
622.3169 0.0023361
632.083 0.0023362
641.9931 0.0024162
652.0679 0.0024163
662.2913 0.0024991
672.6846 0.0024992
683.2315 0.0025848
693.9534 0.0025849
704.8336 0.0026735
715.8946 0.0026735
727.1188 0.0027652
738.5295 0.0027652
750.1192 0.0027653
761.88 0.0028601
773.8362 0.0028602
785.98 0.0028602
798.303 0.0029583
810.8308 0.0029583
823.5434 0.0030597
836.4673 0.0030598
849.5819 0.0031647
862.9144 0.0031648
876.4437 0.0032732
890.1977 0.0032733
904.1547 0.0033855
918.3437 0.0033856
932.7551 0.0033857
947.3795 0.0035017
962.2467 0.0035018
977.3473 0.0035019
992.6707 0.0036219
1008.2486 0.003622
1024.0565 0.0037461
1040.1271 0.0037462
1056.4346 0.0038746
1073.0134 0.0038747
1089.8521 0.0038748
1106.9395 0.0040076
1124.3107 0.0040077
1141.9383 0.004145
1159.8587 0.0041452
1178.0436 0.0042872
1196.5307 0.0042873
1215.2906 0.0044342
1234.362 0.0044344
1253.7151 0.0045863
1273.3897 0.0045865
1293.373 0.0045866
1313.6512 0.0047438
1334.2664 0.0047439
1355.1858 0.0049065
1376.4527 0.0049066
1398.0335 0.0050747
1419.9727 0.0050749
1442.236 0.0052488
1464.869 0.0052489
1487.8359 0.0054288
1511.1846 0.005429
1534.8997 0.0054291
1558.9647 0.0056152
1583.4295 0.0056153
1608.2554 0.0058078
1633.4938 0.0058079
1659.1046 0.0060069
1685.141 0.0060071
1711.5615 0.006213
1738.4211 0.0062131
1765.7021 0.0062133
1793.3858 0.0064262
1821.5293 0.0064264
1850.0884 0.0066466
1879.1218 0.0066468
1908.5838 0.0068746
1938.5352 0.0068748
1968.9285 0.0071104
1999.827 0.0071106
2031.1814 0.0073543
2063.0568 0.0073545
2095.4025 0.0076065
2128.2857 0.0076067
2161.6541 0.0078674
2195.577 0.0078676
2230.0005 0.0081372
2264.9959 0.0081374
2300.5078 0.0084163
2336.6096 0.0084165
2373.2443 0.0087049
2410.4534 0.0090032
2448.2806 0.0090035
2486.6661 0.009312
2525.6894 0.0093123
2565.2886 0.0096314
2605.5457 0.0096317
2646.3969 0.0099618
2687.9268 0.009962
2730.0695 0.010303
2772.9125 0.010304
2816.3879 0.010657
2860.5448 0.011022
2905.4353 0.011022
2950.9884 0.0114
2997.2982 0.0114
3044.2916 0.011791
3092.0656 0.011791
3140.5895 0.011792
3189.8294 0.012196
3239.8874 0.012196
3290.7309 0.012196
3342.3249 0.012614
3394.776 0.012615
3448.0503 0.012615
3502.1107 0.013047
3557.0694 0.013048
3612.8904 0.013048
3669.5354 0.013495
3727.1214 0.013496
3785.6112 0.013496
3844.9641 0.013959
3905.3032 0.013959
3966.5327 0.014437
4028.7795 0.014438
4092.0032 0.014438
4156.1599 0.014933
4221.3825 0.014933
4287.5676 0.015445
4354.8526 0.015445
4423.1304 0.015975
4492.5426 0.015975
4562.9792 0.016523
4634.5861 0.016523
4707.2497 0.017089
4781.1206 0.01709
4856.0816 0.017675
4932.2882 0.017676
5009.6193 0.018282
5088.2353 0.018282
5168.0115 0.018909
5249.1132 0.018909
5331.4117 0.019557
5415.0776 0.019558
5499.9782 0.020228
5586.2894 0.020229
5673.8742 0.020922
5762.9144 0.020922
5853.2687 0.021639
5945.1241 0.02164
6038.335 0.022381
6133.0947 0.022382
6229.3414 0.022383
6327.0085 0.02315
6426.2983 0.02315
6527.0534 0.023944
6629.4825 0.023944
6733.4232 0.024765
6839.0908 0.024766
6946.3179 0.025614
7055.3265 0.025615
7165.9439 0.026493
7278.3991 0.026494
7392.6191 0.026494
7508.5247 0.027402
7626.3559 0.027403
7745.9263 0.028342
7867.4832 0.028343
7990.9476 0.028344
8116.2342 0.029315
8243.6023 0.029316
8372.9691 0.029317
8504.2453 0.030321
8637.7025 0.030322
8773.1292 0.031361
8910.806 0.031362
9050.6434 0.031363
9192.5444 0.032438
9336.6702 0.033549
9483.0557 0.034699
9631.8734 0.0347
9631.7363 0.035888
9782.8873 0.035889
