# AMS02 measurement of electron flux (PRL, 2014, 113, 121102)
# E(GeV) E3Flux(GeV^2 m^-2 s^-1 sr^-1) Emin Emax E3Fmin E3Fmax
0.57 2.72234 0.50 0.65 2.42087 3.02381
0.73 9.45311 0.65 0.82 8.82584 10.0804
0.91 15.6743 0.82 1.01 14.6166 16.732
1.11 25.0276 1.01 1.22 23.3807 26.6745
1.33 38.5832 1.22 1.46 36.4658 40.7006
1.58 54.0371 1.46 1.72 51.2761 56.7981
1.85 70.281 1.72 2.00 67.1152 73.4468
2.15 88.8491 2.00 2.31 84.8725 92.8257
2.47 106.991 2.31 2.65 102.468 111.514
2.82 123.117 2.65 3.00 118.178 128.056
3.17 146.852 3.00 3.36 141.427 152.277
3.54 160.59 3.36 3.73 154.806 166.374
3.92 172.878 3.73 4.12 166.854 178.902
4.32 183.011 4.12 4.54 176.561 189.461
4.76 194.13 4.54 5.00 187.659 200.601
5.24 204.307 5.00 5.49 198.552 210.062
5.74 209.922 5.49 6.00 204.248 215.596
6.26 215.877 6.00 6.54 209.739 222.015
6.81 219.496 6.54 7.10 213.172 225.82
7.39 222.374 7.10 7.69 216.307 228.441
7.99 222.396 7.69 8.30 216.254 228.538
8.62 224.176 8.30 8.95 217.739 230.613
9.28 222.172 8.95 9.62 215.729 228.615
9.96 221.323 9.62 10.32 215.313 227.333
10.7 219.283 10.3 11.0 214.383 224.183
11.4 217.787 11.0 11.8 213.342 222.232
12.2 216.086 11.8 12.6 210.638 221.534
13.0 213.768 12.6 13.4 208.672 218.864
13.8 209.457 13.4 14.2 204.402 214.512
14.7 208.38 14.2 15.1 203.573 213.187
15.6 204.627 15.1 16.1 199.634 209.62
16.5 201.247 16.1 17.0 196.225 206.269
17.5 198.833 17.0 18.0 193.892 203.774
18.5 196.28 18.0 19.0 191.803 200.757
19.5 192.045 19.0 20.0 187.535 196.555
20.6 189.697 20.0 21.1 185.24 194.154
21.7 185.973 21.1 22.2 181.76 190.186
22.8 184.897 22.2 23.4 180.01 189.784
24.0 181.094 23.4 24.6 176.722 185.466
25.2 177.633 24.6 25.9 172.572 182.694
26.6 177.295 25.9 27.2 172.821 181.769
28.0 174.299 27.2 28.7 169.773 178.825
29.4 171.278 28.7 30.2 166.775 175.781
31.0 167.425 30.2 31.8 163.087 171.763
32.7 165.388 31.8 33.5 160.965 169.811
34.4 159.574 33.5 35.4 155.324 163.824
36.3 161.194 35.4 37.3 156.656 165.732
38.3 158.995 37.3 39.4 154.716 163.274
40.5 155.446 39.4 41.6 151.245 159.647
42.8 157.59 41.6 44.0 153.368 161.812
45.3 151.524 44.0 46.6 147.367 155.681
47.9 151.665 46.6 49.3 146.75 156.58
50.8 149.45 49.3 52.3 145.304 153.596
53.9 146.412 52.3 55.6 141.928 150.896
57.3 143.169 55.6 59.1 138.793 147.545
61.0 143.452 59.1 63.0 138.884 148.02
65.1 139.327 63.0 67.3 134.878 143.776
69.6 132.164 67.3 72.0 127.768 136.56
74.6 135.342 72.0 77.4 130.5 140.184
80.3 131.517 77.4 83.4 126.632 136.402
86.7 132.298 83.4 90.2 127.598 136.998
94.0 129.571 90.2 98.1 124.728 134.414
103 134.405 98 107 128.941 139.869
113 130.149 107 118 124.746 135.552
125 128.711 118 132 123.239 134.183
140 118.541 132 149 113.053 124.029
159 121.394 149 170 115.681 127.107
183 118.28 170 198 112.213 124.347
216 111.862 198 237 105.409 118.315
262 119.419 237 290 111.534 127.304
327 110.142 290 370 100.747 119.537
429 95.5338 370 500 84.9117 106.156
589 92.5644 500 700 73.1837 111.945
