# AMS02 measurement of positron flux (PRL, 2014, 113, 121102)
# E(GeV) E3Flux(GeV^2 m^-2 s^-1 sr^-1) Emin Emax E3Fmin E3Fmax
0.57 0.242603 0.50 0.65 0.186157 0.299049
0.73 0.902519 0.65 0.82 0.792971 1.01207
0.91 1.43932 0.82 1.01 1.32233 1.55631
1.11 2.11983 1.01 1.22 1.98036 2.2593
1.33 3.15253 1.22 1.46 2.96285 3.34221
1.58 4.18097 1.46 1.72 3.97985 4.38209
1.85 5.07163 1.72 2.00 4.82895 5.31431
2.15 6.15185 2.00 2.31 5.87075 6.43295
2.47 6.91677 2.31 2.65 6.62691 7.20663
2.82 7.69204 2.65 3.00 7.37489 8.00919
3.17 8.85569 3.00 3.36 8.49954 9.21184
3.54 9.40472 3.36 3.73 9.04706 9.76238
3.92 9.87875 3.73 4.12 9.51235 10.2452
4.32 10.3196 4.12 4.54 9.98719 10.652
4.76 10.634 4.54 5.00 10.2807 10.9873
5.24 11.1649 5.00 5.49 10.8122 11.5176
5.74 11.2337 5.49 6.00 10.885 11.5824
6.26 11.5052 6.00 6.54 11.148 11.8624
6.81 11.8117 6.54 7.10 11.4516 12.1718
7.39 11.8654 7.10 7.69 11.4933 12.2375
7.99 11.9359 7.69 8.30 11.5646 12.3072
8.62 12.2336 8.30 8.95 11.8887 12.5785
9.28 11.9877 8.95 9.62 11.6303 12.3451
9.96 12.3506 9.62 10.32 11.9432 12.758
10.7 12.3729 10.3 11.0 11.9855 12.7603
11.4 12.2968 11.0 11.8 11.9522 12.6414
12.2 12.3659 11.8 12.6 12.0166 12.7152
13.0 12.6547 12.6 13.4 12.3004 13.009
13.8 12.0891 13.4 14.2 11.7464 12.4318
14.7 12.1978 14.2 15.1 11.8542 12.5414
15.6 12.6421 15.1 16.1 12.2839 13.0003
16.5 12.6229 16.1 17.0 12.2365 13.0093
17.5 12.7017 17.0 18.0 12.3152 13.0882
18.5 12.7266 18.0 19.0 12.3212 13.132
19.5 12.9019 19.0 20.0 12.5312 13.2726
20.6 12.5882 20.0 21.1 12.1511 13.0253
21.7 12.4663 21.1 22.2 12.0328 12.8998
22.8 12.445 22.2 23.4 12.0177 12.8723
24.0 12.8978 23.4 24.6 12.4578 13.3378
25.2 12.6104 24.6 25.9 12.1689 13.0519
26.6 12.4784 25.9 27.2 12.0259 12.9309
28.0 13.0395 27.2 28.7 12.5581 13.5209
29.4 13.2143 28.7 30.2 12.7288 13.6998
31.0 12.8995 30.2 31.8 12.4145 13.3845
32.7 13.1471 31.8 33.5 12.6273 13.6669
34.4 13.0264 33.5 35.4 12.5051 13.5477
36.3 12.8668 35.4 37.3 12.3214 13.4122
38.3 13.6522 37.3 39.4 13.055 14.2494
40.5 14.0168 39.4 41.6 13.4043 14.6293
42.8 13.3285 41.6 44.0 12.7162 13.9408
45.3 14.5017 44.0 46.6 13.8314 15.172
47.9 13.4081 46.6 49.3 12.7673 14.0489
50.8 14.1584 49.3 52.3 13.394 14.9228
53.9 14.6726 52.3 55.6 13.8907 15.4545
57.3 14.204 55.6 59.1 13.4103 14.9977
61.0 14.8219 59.1 63.0 13.9772 15.6666
65.1 14.9259 63.0 67.3 14.0362 15.8156
69.6 16.1159 67.3 72.0 15.1499 17.0819
74.6 16.1498 72.0 77.4 15.1457 17.1539
80.3 14.9121 77.4 83.4 13.9161 15.9081
86.7 17.9873 83.4 90.2 16.7909 19.1837
94.0 17.2761 90.2 98.1 16.0498 18.5024
103 16.7187 98 107 15.4444 17.993
113 16.5933 107 118 15.3027 17.8839
125 16.7188 118 132 15.2776 18.16
140 17.0402 132 149 15.4322 18.6482
159 21.0229 149 170 19.0095 23.0363
183 19.5499 170 198 17.4093 21.6905
216 20.9616 198 237 18.4341 23.4891
262 21.7615 237 290 18.455 25.068
327 21.5739 290 370 17.1726 25.9751
429 19.5015 370 500 13.4818 25.5212
