# Fermi-LAT electron spectra, Ackermann et al. 2010, PRD, 82, 092004
# E(GeV) E3Flux(GeV^2 s^-1 m^-2 sr^-1) Emin Emax E3Fmin E3Fmax
24.771 155.035 23.6 26.0 147.129 162.941
27.3167 149.821 26.0 28.7 143.397 156.244
30.1627 155.32 28.7 31.7 149.555 161.085
33.3092 155.218 31.7 35.0 149.856 160.58
36.8511 151.133 35.0 38.8 146.124 156.141
40.8935 149.08 38.8 43.1 143.81 154.35
45.4841 148.392 43.1 48.0 142.741 154.043
50.7701 145.26 48.0 53.7 139.759 150.762
56.9516 143.159 53.7 60.4 136.873 149.445
64.1816 141.709 60.4 68.2 135.753 147.664
72.6545 139.985 68.2 77.4 133.647 146.322
82.5769 139.083 77.4 88.1 132.595 145.57
94.3297 139.249 88.1 101 132.479 146.019
108.24 139.114 101 116 132.059 146.168
124.21 138.934 116 133 131.726 146.141
143.115 137.77 133 154 130.413 145.126
166.493 139.84 154 180 132.648 147.031
194.422 141.103 180 210 133.701 148.505
227.288 140.665 210 246 132.96 148.37
267.556 139.436 246 291 131.863 147.009
317.311 138.658 291 346 131.008 146.309
378.933 136.572 346 415 128.758 144.386
456.886 134.189 415 503 125.029 143.35
556.188 129.729 503 615 119.671 139.786
689.043 121.043 615 772 105.483 136.603
878.635 121.417 772 1000 101.527 141.307
