# HESS electrons, Aharonian et al., 2008, Phys. Rev. Lett., 101, 261104
# HESS low energy electrons, Aharonian et al., 2009, arxiv:0905.0105
# E(GeV) E3F(GeV^2 m^-2 s^-1 sr^-1) Emin Emax E3Fmin E3Fmax
714.713 148.62 714.713 714.713 143.29 153.95
929.98 132.95 929.98 929.98 127.24 137.51
1213.76 107.79 1213.76 1213.76 103 112.58
1579.33 74.78 1579.33 1579.33 69.82 80.56
2034.57 63.42 2034.57 2034.57 58.16 69.33
2655.41 36.13 2655.41 2655.41 30.25 42.01
3455.2 23.58 3455.2 3455.2 16.19 30.97
4509.53 45.71 4509.53 4509.53 37.35 54.59
373.11 149.64 373.11 373.11 142.12 155.28
448.58 170.10 448.58 448.58 163.6 178.76
539.31 149.68 539.31 539.31 141.32 158.04
640.33 156.61 640.33 640.33 147.96 166.99
761.79 151.40 761.79 761.79 142.27 160.53
915.88 155.99 915.88 915.88 143.73 168.25
1101.13 116.85 1101.13 1101.13 104.05 129.65
1323.85 102.61 1323.85 1323.85 89.07 118.23
1591.62 87.65 1591.62 1591.62 72.85 103.23
