# PAMELA antiproton flux (PRL, 2010, 105, 121101, arXiv:1007.0821)
# E(GeV) Flux(m^-2 s^-1 sr^-1 GeV^-1) Emin Emax Fmin Fmax
0.28 0.0067 0.124918 0.440321 0.0039926 0.0094074
0.56 0.0153 0.440321 0.697593 0.0114921 0.0228538
0.81 0.0172 0.697593 0.942523 0.0131478 0.0246813
1.07 0.0214 0.942523 1.20775 0.017289 0.0283231
1.34 0.0245 1.20775 1.48112 0.0199459 0.0318546
1.61 0.0205 1.48112 1.80709 0.0170824 0.0239176
2.03 0.0271 1.80709 2.19554 0.0234326 0.0307674
2.42 0.0219 2.19554 2.63709 0.0189931 0.0248069
2.90 0.0227 2.63709 3.16062 0.0198822 0.0255178
3.47 0.0178 3.16062 3.7761 0.0156529 0.0199471
4.14 0.0157 3.7761 4.50329 0.0138642 0.0175358
4.93 0.0111 4.50329 5.36205 0.00979616 0.0124038
5.9 0.00831 5.33238 6.42184 0.0073202 0.0092998
7.0 0.00556 6.42184 7.61342 0.00483993 0.00628007
8.4 0.00516 7.61342 9.20528 0.00451587 0.00580413
10.1 0.0037 9.20528 11.0984 0.00326091 0.00413909
12.3 0.00212 11.0984 13.6919 0.00183364 0.00240636
15.3 0.00139 13.6919 17.1861 0.00118384 0.00159616
19.6 0.00067 17.1861 22.3807 0.000562297 0.000777703
26.2 0.000251 22.3807 30.7757 0.000207342 0.000294658
38.0 0.000127 30.7757 47.5709 0.000102958 0.000151042
67.4 2.28e-05 47.5709 99.0662 1.55557e-05 3.00443e-05
128.9 3.6e-06 99.0662 179.064 1.59002e-06 9.30351e-06
