 0.00000000E+00 0.00000000E+00
 0.43718593E+01 0.95574900E-07
 0.87437186E+01 0.19105500E-06
 0.13115578E+02 0.28634500E-06
 0.17487437E+02 0.38135400E-06
 0.21859296E+02 0.47598800E-06
 0.26231156E+02 0.57015800E-06
 0.30603015E+02 0.66376800E-06
 0.34974874E+02 0.75672800E-06
 0.39346734E+02 0.84894700E-06
 0.43718593E+02 0.94035000E-06
 0.48090452E+02 0.10308700E-05
 0.52462312E+02 0.11204800E-05
 0.56834171E+02 0.12091200E-05
 0.61206030E+02 0.12967600E-05
 0.65577889E+02 0.13833300E-05
 0.69949749E+02 0.14687700E-05
 0.74321608E+02 0.15530100E-05
 0.78693467E+02 0.16359700E-05
 0.83065327E+02 0.17175900E-05
 0.87437186E+02 0.17978100E-05
 0.91809045E+02 0.18765800E-05
 0.96180905E+02 0.19538400E-05
 0.10055276E+03 0.20295500E-05
 0.10492462E+03 0.21036500E-05
 0.10929648E+03 0.21761100E-05
 0.11366834E+03 0.22468800E-05
 0.11804020E+03 0.23159100E-05
 0.12241206E+03 0.23831800E-05
 0.12678392E+03 0.24486500E-05
 0.13115578E+03 0.25122700E-05
 0.13552764E+03 0.25740300E-05
 0.13989950E+03 0.26338800E-05
 0.14427136E+03 0.26918000E-05
 0.14864322E+03 0.27477600E-05
 0.15301508E+03 0.28017500E-05
 0.15738693E+03 0.28537300E-05
 0.16175879E+03 0.29036800E-05
 0.16613065E+03 0.29515800E-05
 0.17050251E+03 0.29974200E-05
 0.17487437E+03 0.30411800E-05
 0.17924623E+03 0.30828400E-05
 0.18361809E+03 0.31223900E-05
 0.18798995E+03 0.31598200E-05
 0.19236181E+03 0.31951100E-05
 0.19673367E+03 0.32282600E-05
 0.20110553E+03 0.32592700E-05
 0.20547739E+03 0.32881100E-05
 0.20984925E+03 0.33148000E-05
 0.21422111E+03 0.33393300E-05
 0.21859296E+03 0.33617000E-05
 0.22296482E+03 0.33819000E-05
 0.22733668E+03 0.33999400E-05
 0.23170854E+03 0.34158300E-05
 0.23608040E+03 0.34295600E-05
 0.24045226E+03 0.34411500E-05
 0.24482412E+03 0.34506100E-05
 0.24919598E+03 0.34579500E-05
 0.25356784E+03 0.34631700E-05
 0.25793970E+03 0.34663000E-05
 0.26231156E+03 0.34673500E-05
 0.26668342E+03 0.34663300E-05
 0.27105528E+03 0.34632700E-05
 0.27542714E+03 0.34581800E-05
 0.27979899E+03 0.34510600E-05
 0.28417085E+03 0.34419500E-05
 0.28854271E+03 0.34308700E-05
 0.29291457E+03 0.34178300E-05
 0.29728643E+03 0.34028800E-05
 0.30165829E+03 0.33860400E-05
 0.30603015E+03 0.33673600E-05
 0.31040201E+03 0.33468700E-05
 0.31477387E+03 0.33246200E-05
 0.31914573E+03 0.33006500E-05
 0.32351759E+03 0.32749900E-05
 0.32788945E+03 0.32476800E-05
 0.33226131E+03 0.32187700E-05
 0.33663317E+03 0.31882900E-05
 0.34100503E+03 0.31562800E-05
 0.34537688E+03 0.31228000E-05
 0.34974874E+03 0.30878700E-05
 0.35412060E+03 0.30515500E-05
 0.35849246E+03 0.30138900E-05
 0.36286432E+03 0.29749300E-05
 0.36723618E+03 0.29347300E-05
 0.37160804E+03 0.28933300E-05
 0.37597990E+03 0.28507900E-05
 0.38035176E+03 0.28071700E-05
 0.38472362E+03 0.27625100E-05
 0.38909548E+03 0.27168800E-05
 0.39346734E+03 0.26703300E-05
 0.39783920E+03 0.26229200E-05
 0.40221106E+03 0.25747100E-05
 0.40658291E+03 0.25257600E-05
 0.41095477E+03 0.24761300E-05
 0.41532663E+03 0.24258800E-05
 0.41969849E+03 0.23750700E-05
 0.42407035E+03 0.23237600E-05
 0.42844221E+03 0.22720200E-05
 0.43281407E+03 0.22199100E-05
 0.43718593E+03 0.21674900E-05
 0.44155779E+03 0.21148300E-05
 0.44592965E+03 0.20619800E-05
 0.45030151E+03 0.20090100E-05
 0.45467337E+03 0.19559800E-05
 0.45904523E+03 0.19029600E-05
 0.46341709E+03 0.18499900E-05
 0.46778894E+03 0.17971300E-05
 0.47216080E+03 0.17444200E-05
 0.47653266E+03 0.16919200E-05
 0.48090452E+03 0.16396500E-05
 0.48527638E+03 0.15876700E-05
 0.48964824E+03 0.15360100E-05
 0.49402010E+03 0.14847400E-05
 0.49839196E+03 0.14339000E-05
 0.50276382E+03 0.13835600E-05
 0.50713568E+03 0.13337700E-05
 0.51150754E+03 0.12845800E-05
 0.51587940E+03 0.12360300E-05
 0.52025126E+03 0.11881900E-05
 0.52462312E+03 0.11411000E-05
 0.52899497E+03 0.10948000E-05
 0.53336683E+03 0.10493300E-05
 0.53773869E+03 0.10047300E-05
 0.54211055E+03 0.96104400E-06
 0.54648241E+03 0.91830100E-06
 0.55085427E+03 0.87653100E-06
 0.55522613E+03 0.83576500E-06
 0.55959799E+03 0.79602600E-06
 0.56396985E+03 0.75733700E-06
 0.56834171E+03 0.71971800E-06
 0.57271357E+03 0.68318500E-06
 0.57708543E+03 0.64775200E-06
 0.58145729E+03 0.61343000E-06
 0.58582915E+03 0.58022500E-06
 0.59020101E+03 0.54814400E-06
 0.59457286E+03 0.51718900E-06
 0.59894472E+03 0.48735900E-06
 0.60331658E+03 0.45865200E-06
 0.60768844E+03 0.43106200E-06
 0.61206030E+03 0.40458100E-06
 0.61643216E+03 0.37920000E-06
 0.62080402E+03 0.35490600E-06
 0.62517588E+03 0.33168500E-06
 0.62954774E+03 0.30952200E-06
 0.63391960E+03 0.28839800E-06
 0.63829146E+03 0.26829400E-06
 0.64266332E+03 0.24918900E-06
 0.64703518E+03 0.23106100E-06
 0.65140704E+03 0.21388500E-06
 0.65577889E+03 0.19763900E-06
 0.66015075E+03 0.18229500E-06
 0.66452261E+03 0.16782700E-06
 0.66889447E+03 0.15420700E-06
 0.67326633E+03 0.14140900E-06
 0.67763819E+03 0.12940300E-06
 0.68201005E+03 0.11816100E-06
 0.68638191E+03 0.10765300E-06
 0.69075377E+03 0.97850200E-07
 0.69512563E+03 0.88723400E-07
 0.69949749E+03 0.80243000E-07
 0.70386935E+03 0.72379900E-07
 0.70824121E+03 0.65105000E-07
 0.71261307E+03 0.58389400E-07
 0.71698492E+03 0.52204800E-07
 0.72135678E+03 0.46523200E-07
 0.72572864E+03 0.41316800E-07
 0.73010050E+03 0.36558800E-07
 0.73447236E+03 0.32222600E-07
 0.73884422E+03 0.28282400E-07
 0.74321608E+03 0.24713100E-07
 0.74758794E+03 0.21490100E-07
 0.75195980E+03 0.18589600E-07
 0.75633166E+03 0.15988800E-07
 0.76070352E+03 0.13665200E-07
 0.76507538E+03 0.11597300E-07
 0.76944724E+03 0.97640700E-08
 0.77381910E+03 0.81452800E-08
 0.77819095E+03 0.67218600E-08
 0.78256281E+03 0.54765000E-08
 0.78693467E+03 0.43932700E-08
 0.79130653E+03 0.34573300E-08
 0.79567839E+03 0.26576000E-08
 0.80005025E+03 0.19848200E-08
 0.80442211E+03 0.14305100E-08
 0.80879397E+03 0.98948500E-09
 0.81316583E+03 0.65300500E-09
 0.81753769E+03 0.40748400E-09
 0.82190955E+03 0.23822800E-09
 0.82628141E+03 0.12801500E-09
 0.83065327E+03 0.63570400E-10
 0.83502513E+03 0.28322600E-10
 0.83939698E+03 0.11161700E-10
 0.84376884E+03 0.39559400E-11
 0.84814070E+03 0.13473800E-11
 0.85251256E+03 0.38158200E-12
 0.85688442E+03 0.82516400E-13
 0.86125628E+03 0.10453100E-13
 0.86562814E+03 0.14493700E-14
 0.86562814E+05 0.0
