 0.00000000E+00 0.00000000E+00
 0.43718593E+01 0.11003900E-06
 0.87437186E+01 0.21990700E-06
 0.13115578E+02 0.32943500E-06
 0.17487437E+02 0.43845800E-06
 0.21859296E+02 0.54681000E-06
 0.26231156E+02 0.65433000E-06
 0.30603015E+02 0.76085900E-06
 0.34974874E+02 0.86624400E-06
 0.39346734E+02 0.97033900E-06
 0.43718593E+02 0.10730200E-05
 0.48090452E+02 0.11741700E-05
 0.52462312E+02 0.12737000E-05
 0.56834171E+02 0.13715300E-05
 0.61206030E+02 0.14675700E-05
 0.65577889E+02 0.15617300E-05
 0.69949749E+02 0.16539300E-05
 0.74321608E+02 0.17440700E-05
 0.78693467E+02 0.18320700E-05
 0.83065327E+02 0.19178700E-05
 0.87437186E+02 0.20014100E-05
 0.91809045E+02 0.20826400E-05
 0.96180905E+02 0.21615300E-05
 0.10055276E+03 0.22380400E-05
 0.10492462E+03 0.23121400E-05
 0.10929648E+03 0.23838200E-05
 0.11366834E+03 0.24530600E-05
 0.11804020E+03 0.25198600E-05
 0.12241206E+03 0.25842200E-05
 0.12678392E+03 0.26461500E-05
 0.13115578E+03 0.27056400E-05
 0.13552764E+03 0.27627200E-05
 0.13989950E+03 0.28174100E-05
 0.14427136E+03 0.28697300E-05
 0.14864322E+03 0.29197000E-05
 0.15301508E+03 0.29673400E-05
 0.15738693E+03 0.30127000E-05
 0.16175879E+03 0.30558000E-05
 0.16613065E+03 0.30966700E-05
 0.17050251E+03 0.31353600E-05
 0.17487437E+03 0.31718900E-05
 0.17924623E+03 0.32063100E-05
 0.18361809E+03 0.32386500E-05
 0.18798995E+03 0.32689500E-05
 0.19236181E+03 0.32972500E-05
 0.19673367E+03 0.33235900E-05
 0.20110553E+03 0.33480000E-05
 0.20547739E+03 0.33705300E-05
 0.20984925E+03 0.33912000E-05
 0.21422111E+03 0.34100600E-05
 0.21859296E+03 0.34271400E-05
 0.22296482E+03 0.34424700E-05
 0.22733668E+03 0.34560900E-05
 0.23170854E+03 0.34680200E-05
 0.23608040E+03 0.34783000E-05
 0.24045226E+03 0.34869500E-05
 0.24482412E+03 0.34940100E-05
 0.24919598E+03 0.34994900E-05
 0.25356784E+03 0.35034200E-05
 0.25793970E+03 0.35058200E-05
 0.26231156E+03 0.35067100E-05
 0.26668342E+03 0.35061100E-05
 0.27105528E+03 0.35040500E-05
 0.27542714E+03 0.35005400E-05
 0.27979899E+03 0.34956000E-05
 0.28417085E+03 0.34892300E-05
 0.28854271E+03 0.34814600E-05
 0.29291457E+03 0.34722800E-05
 0.29728643E+03 0.34617100E-05
 0.30165829E+03 0.34497400E-05
 0.30603015E+03 0.34363800E-05
 0.31040201E+03 0.34216400E-05
 0.31477387E+03 0.34055300E-05
 0.31914573E+03 0.33880400E-05
 0.32351759E+03 0.33691900E-05
 0.32788945E+03 0.33489800E-05
 0.33226131E+03 0.33274100E-05
 0.33663317E+03 0.33044900E-05
 0.34100503E+03 0.32802000E-05
 0.34537688E+03 0.32545600E-05
 0.34974874E+03 0.32275600E-05
 0.35412060E+03 0.31992100E-05
 0.35849246E+03 0.31695100E-05
 0.36286432E+03 0.31384700E-05
 0.36723618E+03 0.31060800E-05
 0.37160804E+03 0.30723700E-05
 0.37597990E+03 0.30373300E-05
 0.38035176E+03 0.30009800E-05
 0.38472362E+03 0.29633400E-05
 0.38909548E+03 0.29244200E-05
 0.39346734E+03 0.28842500E-05
 0.39783920E+03 0.28428400E-05
 0.40221106E+03 0.28002200E-05
 0.40658291E+03 0.27564100E-05
 0.41095477E+03 0.27114500E-05
 0.41532663E+03 0.26653800E-05
 0.41969849E+03 0.26182300E-05
 0.42407035E+03 0.25700500E-05
 0.42844221E+03 0.25208700E-05
 0.43281407E+03 0.24707500E-05
 0.43718593E+03 0.24197500E-05
 0.44155779E+03 0.23679200E-05
 0.44592965E+03 0.23153200E-05
 0.45030151E+03 0.22620100E-05
 0.45467337E+03 0.22080600E-05
 0.45904523E+03 0.21535300E-05
 0.46341709E+03 0.20984800E-05
 0.46778894E+03 0.20430000E-05
 0.47216080E+03 0.19871400E-05
 0.47653266E+03 0.19309700E-05
 0.48090452E+03 0.18745600E-05
 0.48527638E+03 0.18179800E-05
 0.48964824E+03 0.17613200E-05
 0.49402010E+03 0.17046400E-05
 0.49839196E+03 0.16480500E-05
 0.50276382E+03 0.15916300E-05
 0.50713568E+03 0.15354700E-05
 0.51150754E+03 0.14796600E-05
 0.51587940E+03 0.14242900E-05
 0.52025126E+03 0.13694400E-05
 0.52462312E+03 0.13151900E-05
 0.52899497E+03 0.12616300E-05
 0.53336683E+03 0.12088300E-05
 0.53773869E+03 0.11568600E-05
 0.54211055E+03 0.11058000E-05
 0.54648241E+03 0.10557000E-05
 0.55085427E+03 0.10066400E-05
 0.55522613E+03 0.95865800E-06
 0.55959799E+03 0.91181300E-06
 0.56396985E+03 0.86615100E-06
 0.56834171E+03 0.82171100E-06
 0.57271357E+03 0.77853100E-06
 0.57708543E+03 0.73664100E-06
 0.58145729E+03 0.69606800E-06
 0.58582915E+03 0.65683100E-06
 0.59020101E+03 0.61894800E-06
 0.59457286E+03 0.58242900E-06
 0.59894472E+03 0.54728100E-06
 0.60331658E+03 0.51350600E-06
 0.60768844E+03 0.48110200E-06
 0.61206030E+03 0.45006200E-06
 0.61643216E+03 0.42037800E-06
 0.62080402E+03 0.39203500E-06
 0.62517588E+03 0.36501600E-06
 0.62954774E+03 0.33930100E-06
 0.63391960E+03 0.31486700E-06
 0.63829146E+03 0.29169000E-06
 0.64266332E+03 0.26974000E-06
 0.64703518E+03 0.24898800E-06
 0.65140704E+03 0.22940200E-06
 0.65577889E+03 0.21095000E-06
 0.66015075E+03 0.19359500E-06
 0.66452261E+03 0.17730300E-06
 0.66889447E+03 0.16203600E-06
 0.67326633E+03 0.14775700E-06
 0.67763819E+03 0.13442700E-06
 0.68201005E+03 0.12200900E-06
 0.68638191E+03 0.11046400E-06
 0.69075377E+03 0.99752500E-07
 0.69512563E+03 0.89836500E-07
 0.69949749E+03 0.80677600E-07
 0.70386935E+03 0.72237900E-07
 0.70824121E+03 0.64479800E-07
 0.71261307E+03 0.57366700E-07
 0.71698492E+03 0.50862200E-07
 0.72135678E+03 0.44931100E-07
 0.72572864E+03 0.39538700E-07
 0.73010050E+03 0.34651400E-07
 0.73447236E+03 0.30236400E-07
 0.73884422E+03 0.26262200E-07
 0.74321608E+03 0.22698000E-07
 0.74758794E+03 0.19514300E-07
 0.75195980E+03 0.16682700E-07
 0.75633166E+03 0.14175900E-07
 0.76070352E+03 0.11967800E-07
 0.76507538E+03 0.10033500E-07
 0.76944724E+03 0.83491400E-08
 0.77381910E+03 0.68920900E-08
 0.77819095E+03 0.56405000E-08
 0.78256281E+03 0.45731600E-08
 0.78693467E+03 0.36691600E-08
 0.79130653E+03 0.29084800E-08
 0.79567839E+03 0.22727300E-08
 0.80005025E+03 0.17431300E-08
 0.80442211E+03 0.13056800E-08
 0.80879397E+03 0.94858600E-09
 0.81316583E+03 0.66180800E-09
 0.81753769E+03 0.44126300E-09
 0.82190955E+03 0.27908500E-09
 0.82628141E+03 0.16567600E-09
 0.83065327E+03 0.92307300E-10
 0.83502513E+03 0.47761800E-10
 0.83939698E+03 0.22760800E-10
 0.84376884E+03 0.97721400E-11
 0.84814070E+03 0.40527700E-11
 0.85251256E+03 0.14709500E-11
 0.85688442E+03 0.44725600E-12
 0.86125628E+03 0.12989800E-12
 0.86562814E+03 0.22812000E-13
 0.86562814E+05 0.0
