 0.00000000E+00 0.00000000E+00
 0.43718593E+01 0.10980316E-06
 0.87437186E+01 0.21949900E-06
 0.13115578E+02 0.32898340E-06
 0.17487437E+02 0.43815060E-06
 0.21859296E+02 0.54689840E-06
 0.26231156E+02 0.65511880E-06
 0.30603015E+02 0.76270500E-06
 0.34974874E+02 0.86955380E-06
 0.39346734E+02 0.97557480E-06
 0.43718593E+02 0.10807024E-05
 0.48090452E+02 0.11848918E-05
 0.52462312E+02 0.12881020E-05
 0.56834171E+02 0.13902980E-05
 0.61206030E+02 0.14913740E-05
 0.65577889E+02 0.15912580E-05
 0.69949749E+02 0.16898380E-05
 0.74321608E+02 0.17870280E-05
 0.78693467E+02 0.18827540E-05
 0.83065327E+02 0.19769580E-05
 0.87437186E+02 0.20695720E-05
 0.91809045E+02 0.21605520E-05
 0.96180905E+02 0.22498040E-05
 0.10055276E+03 0.23373020E-05
 0.10492462E+03 0.24229680E-05
 0.10929648E+03 0.25067540E-05
 0.11366834E+03 0.25886160E-05
 0.11804020E+03 0.26684860E-05
 0.12241206E+03 0.27463220E-05
 0.12678392E+03 0.28220840E-05
 0.13115578E+03 0.28957220E-05
 0.13552764E+03 0.29671880E-05
 0.13989950E+03 0.30364380E-05
 0.14427136E+03 0.31034380E-05
 0.14864322E+03 0.31681560E-05
 0.15301508E+03 0.32305380E-05
 0.15738693E+03 0.32905580E-05
 0.16175879E+03 0.33481860E-05
 0.16613065E+03 0.34033760E-05
 0.17050251E+03 0.34560980E-05
 0.17487437E+03 0.35063380E-05
 0.17924623E+03 0.35540560E-05
 0.18361809E+03 0.35992280E-05
 0.18798995E+03 0.36418340E-05
 0.19236181E+03 0.36818520E-05
 0.19673367E+03 0.37192720E-05
 0.20110553E+03 0.37540560E-05
 0.20547739E+03 0.37862020E-05
 0.20984925E+03 0.38157020E-05
 0.21422111E+03 0.38425480E-05
 0.21859296E+03 0.38667240E-05
 0.22296482E+03 0.38882300E-05
 0.22733668E+03 0.39070720E-05
 0.23170854E+03 0.39232460E-05
 0.23608040E+03 0.39367640E-05
 0.24045226E+03 0.39476280E-05
 0.24482412E+03 0.39558540E-05
 0.24919598E+03 0.39614620E-05
 0.25356784E+03 0.39644780E-05
 0.25793970E+03 0.39649040E-05
 0.26231156E+03 0.39627860E-05
 0.26668342E+03 0.39581420E-05
 0.27105528E+03 0.39510100E-05
 0.27542714E+03 0.39414320E-05
 0.27979899E+03 0.39294420E-05
 0.28417085E+03 0.39150900E-05
 0.28854271E+03 0.38984160E-05
 0.29291457E+03 0.38794620E-05
 0.29728643E+03 0.38582980E-05
 0.30165829E+03 0.38349760E-05
 0.30603015E+03 0.38095500E-05
 0.31040201E+03 0.37820920E-05
 0.31477387E+03 0.37526580E-05
 0.31914573E+03 0.37213060E-05
 0.32351759E+03 0.36881020E-05
 0.32788945E+03 0.36531280E-05
 0.33226131E+03 0.36164500E-05
 0.33663317E+03 0.35781340E-05
 0.34100503E+03 0.35382460E-05
 0.34537688E+03 0.34968760E-05
 0.34974874E+03 0.34540700E-05
 0.35412060E+03 0.34099040E-05
 0.35849246E+03 0.33644580E-05
 0.36286432E+03 0.33178060E-05
 0.36723618E+03 0.32700260E-05
 0.37160804E+03 0.32211720E-05
 0.37597990E+03 0.31713460E-05
 0.38035176E+03 0.31206000E-05
 0.38472362E+03 0.30690160E-05
 0.38909548E+03 0.30166580E-05
 0.39346734E+03 0.29636060E-05
 0.39783920E+03 0.29099240E-05
 0.40221106E+03 0.28556820E-05
 0.40658291E+03 0.28009420E-05
 0.41095477E+03 0.27457640E-05
 0.41532663E+03 0.26902220E-05
 0.41969849E+03 0.26343720E-05
 0.42407035E+03 0.25782660E-05
 0.42844221E+03 0.25219660E-05
 0.43281407E+03 0.24655300E-05
 0.43718593E+03 0.24089940E-05
 0.44155779E+03 0.23524260E-05
 0.44592965E+03 0.22958800E-05
 0.45030151E+03 0.22393800E-05
 0.45467337E+03 0.21830100E-05
 0.45904523E+03 0.21268120E-05
 0.46341709E+03 0.20708380E-05
 0.46778894E+03 0.20151560E-05
 0.47216080E+03 0.19597860E-05
 0.47653266E+03 0.19047680E-05
 0.48090452E+03 0.18501060E-05
 0.48527638E+03 0.17958340E-05
 0.48964824E+03 0.17419440E-05
 0.49402010E+03 0.16884760E-05
 0.49839196E+03 0.16354420E-05
 0.50276382E+03 0.15828940E-05
 0.50713568E+03 0.15308720E-05
 0.51150754E+03 0.14794040E-05
 0.51587940E+03 0.14285240E-05
 0.52025126E+03 0.13782720E-05
 0.52462312E+03 0.13286920E-05
 0.52899497E+03 0.12798040E-05
 0.53336683E+03 0.12316520E-05
 0.53773869E+03 0.11842650E-05
 0.54211055E+03 0.11376750E-05
 0.54648241E+03 0.10919110E-05
 0.55085427E+03 0.10470060E-05
 0.55522613E+03 0.10029860E-05
 0.55959799E+03 0.95987800E-06
 0.56396985E+03 0.91770500E-06
 0.56834171E+03 0.87649240E-06
 0.57271357E+03 0.83626000E-06
 0.57708543E+03 0.79702780E-06
 0.58145729E+03 0.75881420E-06
 0.58582915E+03 0.72163360E-06
 0.59020101E+03 0.68549960E-06
 0.59457286E+03 0.65042460E-06
 0.59894472E+03 0.61641640E-06
 0.60331658E+03 0.58348480E-06
 0.60768844E+03 0.55163220E-06
 0.61206030E+03 0.52086400E-06
 0.61643216E+03 0.49117900E-06
 0.62080402E+03 0.46257780E-06
 0.62517588E+03 0.43505600E-06
 0.62954774E+03 0.40860860E-06
 0.63391960E+03 0.38322940E-06
 0.63829146E+03 0.35890880E-06
 0.64266332E+03 0.33563680E-06
 0.64703518E+03 0.31339940E-06
 0.65140704E+03 0.29218300E-06
 0.65577889E+03 0.27197200E-06
 0.66015075E+03 0.25274820E-06
 0.66452261E+03 0.23449460E-06
 0.66889447E+03 0.21719020E-06
 0.67326633E+03 0.20081300E-06
 0.67763819E+03 0.18534120E-06
 0.68201005E+03 0.17075120E-06
 0.68638191E+03 0.15701800E-06
 0.69075377E+03 0.14411540E-06
 0.69512563E+03 0.13201810E-06
 0.69949749E+03 0.12069800E-06
 0.70386935E+03 0.11012720E-06
 0.70824121E+03 0.10027720E-06
 0.71261307E+03 0.91118400E-07
 0.71698492E+03 0.82621000E-07
 0.72135678E+03 0.74755000E-07
 0.72572864E+03 0.67489800E-07
 0.73010050E+03 0.60794300E-07
 0.73447236E+03 0.54637800E-07
 0.73884422E+03 0.48989600E-07
 0.74321608E+03 0.43819020E-07
 0.74758794E+03 0.39095580E-07
 0.75195980E+03 0.34789820E-07
 0.75633166E+03 0.30872900E-07
 0.76070352E+03 0.27316860E-07
 0.76507538E+03 0.24094980E-07
 0.76944724E+03 0.21181340E-07
 0.77381910E+03 0.18550280E-07
 0.77819095E+03 0.16179990E-07
 0.78256281E+03 0.14047950E-07
 0.78693467E+03 0.12130760E-07
 0.79130653E+03 0.10412310E-07
 0.79567839E+03 0.88760300E-08
 0.80005025E+03 0.75053200E-08
 0.80442211E+03 0.62866200E-08
 0.80879397E+03 0.52090500E-08
 0.81316583E+03 0.42623200E-08
 0.81753769E+03 0.34373830E-08
 0.82190955E+03 0.27259410E-08
 0.82628141E+03 0.21208370E-08
 0.83065327E+03 0.16134740E-08
 0.83502513E+03 0.11946020E-08
 0.83939698E+03 0.85685900E-09
 0.84376884E+03 0.59341160E-09
 0.84814070E+03 0.39322220E-09
 0.85251256E+03 0.24648520E-09
 0.85688442E+03 0.14354910E-09
 0.86125628E+03 0.79758400E-10
 0.86562814E+03 0.41487062E-10
 0.87000000E+03 0.20067452E-10
