 0.00000000E+00 0.00000000E+00
 0.43718593E+01 0.11925270E-06
 0.87437186E+01 0.23831410E-06
 0.13115578E+02 0.35699520E-06
 0.17487437E+02 0.47511160E-06
 0.21859296E+02 0.59247750E-06
 0.26231156E+02 0.70891280E-06
 0.30603015E+02 0.82424070E-06
 0.34974874E+02 0.93829460E-06
 0.39346734E+02 0.10509210E-05
 0.43718593E+02 0.11619933E-05
 0.48090452E+02 0.12713932E-05
 0.52462312E+02 0.13790260E-05
 0.56834171E+02 0.14847990E-05
 0.61206030E+02 0.15886040E-05
 0.65577889E+02 0.16903360E-05
 0.69949749E+02 0.17899040E-05
 0.74321608E+02 0.18872070E-05
 0.78693467E+02 0.19821690E-05
 0.83065327E+02 0.20747340E-05
 0.87437186E+02 0.21648480E-05
 0.91809045E+02 0.22524650E-05
 0.96180905E+02 0.23375570E-05
 0.10055276E+03 0.24200900E-05
 0.10492462E+03 0.25000380E-05
 0.10929648E+03 0.25773960E-05
 0.11366834E+03 0.26521480E-05
 0.11804020E+03 0.27243000E-05
 0.12241206E+03 0.27938550E-05
 0.12678392E+03 0.28608270E-05
 0.13115578E+03 0.29252090E-05
 0.13552764E+03 0.29870340E-05
 0.13989950E+03 0.30463240E-05
 0.14427136E+03 0.31031010E-05
 0.14864322E+03 0.31573840E-05
 0.15301508E+03 0.32091950E-05
 0.15738693E+03 0.32585830E-05
 0.16175879E+03 0.33055670E-05
 0.16613065E+03 0.33501740E-05
 0.17050251E+03 0.33924540E-05
 0.17487437E+03 0.34324230E-05
 0.17924623E+03 0.34701280E-05
 0.18361809E+03 0.35055950E-05
 0.18798995E+03 0.35388620E-05
 0.19236181E+03 0.35699630E-05
 0.19673367E+03 0.35989360E-05
 0.20110553E+03 0.36258050E-05
 0.20547739E+03 0.36506170E-05
 0.20984925E+03 0.36733860E-05
 0.21422111E+03 0.36941590E-05
 0.21859296E+03 0.37129620E-05
 0.22296482E+03 0.37298210E-05
 0.22733668E+03 0.37447700E-05
 0.23170854E+03 0.37578280E-05
 0.23608040E+03 0.37690300E-05
 0.24045226E+03 0.37783940E-05
 0.24482412E+03 0.37859550E-05
 0.24919598E+03 0.37917220E-05
 0.25356784E+03 0.37957230E-05
 0.25793970E+03 0.37979750E-05
 0.26231156E+03 0.37984960E-05
 0.26668342E+03 0.37973060E-05
 0.27105528E+03 0.37944350E-05
 0.27542714E+03 0.37898930E-05
 0.27979899E+03 0.37837010E-05
 0.28417085E+03 0.37758600E-05
 0.28854271E+03 0.37663980E-05
 0.29291457E+03 0.37553050E-05
 0.29728643E+03 0.37426010E-05
 0.30165829E+03 0.37282770E-05
 0.30603015E+03 0.37123480E-05
 0.31040201E+03 0.36948310E-05
 0.31477387E+03 0.36757400E-05
 0.31914573E+03 0.36550700E-05
 0.32351759E+03 0.36328460E-05
 0.32788945E+03 0.36090730E-05
 0.33226131E+03 0.35837560E-05
 0.33663317E+03 0.35569120E-05
 0.34100503E+03 0.35285280E-05
 0.34537688E+03 0.34986330E-05
 0.34974874E+03 0.34672250E-05
 0.35412060E+03 0.34343250E-05
 0.35849246E+03 0.33999440E-05
 0.36286432E+03 0.33641030E-05
 0.36723618E+03 0.33268060E-05
 0.37160804E+03 0.32880960E-05
 0.37597990E+03 0.32479770E-05
 0.38035176E+03 0.32064850E-05
 0.38472362E+03 0.31636570E-05
 0.38909548E+03 0.31195200E-05
 0.39346734E+03 0.30741220E-05
 0.39783920E+03 0.30274930E-05
 0.40221106E+03 0.29796820E-05
 0.40658291E+03 0.29307300E-05
 0.41095477E+03 0.28806990E-05
 0.41532663E+03 0.28296510E-05
 0.41969849E+03 0.27776380E-05
 0.42407035E+03 0.27247320E-05
 0.42844221E+03 0.26709850E-05
 0.43281407E+03 0.26164760E-05
 0.43718593E+03 0.25612860E-05
 0.44155779E+03 0.25054820E-05
 0.44592965E+03 0.24491420E-05
 0.45030151E+03 0.23923450E-05
 0.45467337E+03 0.23351790E-05
 0.45904523E+03 0.22777180E-05
 0.46341709E+03 0.22200340E-05
 0.46778894E+03 0.21622240E-05
 0.47216080E+03 0.21043360E-05
 0.47653266E+03 0.20464290E-05
 0.48090452E+03 0.19885540E-05
 0.48527638E+03 0.19307520E-05
 0.48964824E+03 0.18730810E-05
 0.49402010E+03 0.18155670E-05
 0.49839196E+03 0.17582860E-05
 0.50276382E+03 0.17012850E-05
 0.50713568E+03 0.16446220E-05
 0.51150754E+03 0.15883570E-05
 0.51587940E+03 0.15325490E-05
 0.52025126E+03 0.14772510E-05
 0.52462312E+03 0.14225170E-05
 0.52899497E+03 0.13684150E-05
 0.53336683E+03 0.13149950E-05
 0.53773869E+03 0.12623100E-05
 0.54211055E+03 0.12104270E-05
 0.54648241E+03 0.11593860E-05
 0.55085427E+03 0.11092570E-05
 0.55522613E+03 0.10600740E-05
 0.55959799E+03 0.10118930E-05
 0.56396985E+03 0.96475860E-06
 0.56834171E+03 0.91871120E-06
 0.57271357E+03 0.87379190E-06
 0.57708543E+03 0.83003530E-06
 0.58145729E+03 0.78747440E-06
 0.58582915E+03 0.74613530E-06
 0.59020101E+03 0.70604420E-06
 0.59457286E+03 0.66722000E-06
 0.59894472E+03 0.62967940E-06
 0.60331658E+03 0.59343440E-06
 0.60768844E+03 0.55849330E-06
 0.61206030E+03 0.52485980E-06
 0.61643216E+03 0.49253640E-06
 0.62080402E+03 0.46151870E-06
 0.62517588E+03 0.43180010E-06
 0.62954774E+03 0.40337070E-06
 0.63391960E+03 0.37621750E-06
 0.63829146E+03 0.35032590E-06
 0.64266332E+03 0.32567480E-06
 0.64703518E+03 0.30224390E-06
 0.65140704E+03 0.28000910E-06
 0.65577889E+03 0.25894590E-06
 0.66015075E+03 0.23902410E-06
 0.66452261E+03 0.22021610E-06
 0.66889447E+03 0.20248970E-06
 0.67326633E+03 0.18581280E-06
 0.67763819E+03 0.17015120E-06
 0.68201005E+03 0.15547180E-06
 0.68638191E+03 0.14173900E-06
 0.69075377E+03 0.12891610E-06
 0.69512563E+03 0.11696770E-06
 0.69949749E+03 0.10585720E-06
 0.70386935E+03 0.95548000E-07
 0.70824121E+03 0.86003500E-07
 0.71261307E+03 0.77187700E-07
 0.71698492E+03 0.69064300E-07
 0.72135678E+03 0.61597900E-07
 0.72572864E+03 0.54753200E-07
 0.73010050E+03 0.48495800E-07
 0.73447236E+03 0.42791800E-07
 0.73884422E+03 0.37608100E-07
 0.74321608E+03 0.32912300E-07
 0.74758794E+03 0.28673090E-07
 0.75195980E+03 0.24859930E-07
 0.75633166E+03 0.21443250E-07
 0.76070352E+03 0.18394510E-07
 0.76507538E+03 0.15686300E-07
 0.76944724E+03 0.13292130E-07
 0.77381910E+03 0.11186970E-07
 0.77819095E+03 0.93469100E-08
 0.78256281E+03 0.77493000E-08
 0.78693467E+03 0.63726100E-08
 0.79130653E+03 0.51955900E-08
 0.79567839E+03 0.41969000E-08
 0.80005025E+03 0.33552000E-08
 0.80442211E+03 0.26490900E-08
 0.80879397E+03 0.20588260E-08
 0.81316583E+03 0.15677540E-08
 0.81753769E+03 0.11647630E-08
 0.82190955E+03 0.84073300E-09
 0.82628141E+03 0.58742600E-09
 0.83065327E+03 0.39711230E-09
 0.83502513E+03 0.25923080E-09
 0.83939698E+03 0.16312580E-09
 0.84376884E+03 0.98891340E-10
 0.84814070E+03 0.58526070E-10
 0.85251256E+03 0.32517650E-10
 0.85688442E+03 0.17070756E-10
 0.86125628E+03 0.80093580E-11
 0.86562814E+03 0.30638420E-11
 0.86562814E+05 0.0
