 0.00000000E+00 0.00000000E+00
 0.43718593E+01 0.10367454E-06
 0.87437186E+01 0.20724510E-06
 0.13115578E+02 0.31060750E-06
 0.17487437E+02 0.41366240E-06
 0.21859296E+02 0.51630670E-06
 0.26231156E+02 0.61844120E-06
 0.30603015E+02 0.71995950E-06
 0.34974874E+02 0.82076320E-06
 0.39346734E+02 0.92075810E-06
 0.43718593E+02 0.10198720E-05
 0.48090452E+02 0.11180430E-05
 0.52462312E+02 0.12152448E-05
 0.56834171E+02 0.13114080E-05
 0.61206030E+02 0.14064850E-05
 0.65577889E+02 0.15003840E-05
 0.69949749E+02 0.15930290E-05
 0.74321608E+02 0.16843400E-05
 0.78693467E+02 0.17742360E-05
 0.83065327E+02 0.18626570E-05
 0.87437186E+02 0.19495420E-05
 0.91809045E+02 0.20348360E-05
 0.96180905E+02 0.21184770E-05
 0.10055276E+03 0.22004180E-05
 0.10492462E+03 0.22805960E-05
 0.10929648E+03 0.23589770E-05
 0.11366834E+03 0.24355090E-05
 0.11804020E+03 0.25101360E-05
 0.12241206E+03 0.25828370E-05
 0.12678392E+03 0.26535670E-05
 0.13115578E+03 0.27222720E-05
 0.13552764E+03 0.27889410E-05
 0.13989950E+03 0.28535190E-05
 0.14427136E+03 0.29159840E-05
 0.14864322E+03 0.29763020E-05
 0.15301508E+03 0.30344600E-05
 0.15738693E+03 0.30904160E-05
 0.16175879E+03 0.31441460E-05
 0.16613065E+03 0.31956280E-05
 0.17050251E+03 0.32448500E-05
 0.17487437E+03 0.32917890E-05
 0.17924623E+03 0.33364220E-05
 0.18361809E+03 0.33787380E-05
 0.18798995E+03 0.34187240E-05
 0.19236181E+03 0.34563600E-05
 0.19673367E+03 0.34916420E-05
 0.20110553E+03 0.35245710E-05
 0.20547739E+03 0.35551150E-05
 0.20984925E+03 0.35832930E-05
 0.21422111E+03 0.36090950E-05
 0.21859296E+03 0.36325210E-05
 0.22296482E+03 0.36535610E-05
 0.22733668E+03 0.36722250E-05
 0.23170854E+03 0.36885240E-05
 0.23608040E+03 0.37024500E-05
 0.24045226E+03 0.37140240E-05
 0.24482412E+03 0.37232590E-05
 0.24919598E+03 0.37301660E-05
 0.25356784E+03 0.37347480E-05
 0.25793970E+03 0.37370390E-05
 0.26231156E+03 0.37370500E-05
 0.26668342E+03 0.37347950E-05
 0.27105528E+03 0.37303110E-05
 0.27542714E+03 0.37236160E-05
 0.27979899E+03 0.37147120E-05
 0.28417085E+03 0.37036440E-05
 0.28854271E+03 0.36904370E-05
 0.29291457E+03 0.36751060E-05
 0.29728643E+03 0.36577060E-05
 0.30165829E+03 0.36382680E-05
 0.30603015E+03 0.36168490E-05
 0.31040201E+03 0.35934870E-05
 0.31477387E+03 0.35682450E-05
 0.31914573E+03 0.35411700E-05
 0.32351759E+03 0.35122990E-05
 0.32788945E+03 0.34816830E-05
 0.33226131E+03 0.34493790E-05
 0.33663317E+03 0.34154250E-05
 0.34100503E+03 0.33798720E-05
 0.34537688E+03 0.33427880E-05
 0.34974874E+03 0.33042030E-05
 0.35412060E+03 0.32641870E-05
 0.35849246E+03 0.32228000E-05
 0.36286432E+03 0.31800920E-05
 0.36723618E+03 0.31361350E-05
 0.37160804E+03 0.30909780E-05
 0.37597990E+03 0.30446920E-05
 0.38035176E+03 0.29973470E-05
 0.38472362E+03 0.29489940E-05
 0.38909548E+03 0.28997120E-05
 0.39346734E+03 0.28495600E-05
 0.39783920E+03 0.27986100E-05
 0.40221106E+03 0.27469270E-05
 0.40658291E+03 0.26945820E-05
 0.41095477E+03 0.26416410E-05
 0.41532663E+03 0.25881710E-05
 0.41969849E+03 0.25342370E-05
 0.42407035E+03 0.24799040E-05
 0.42844221E+03 0.24252450E-05
 0.43281407E+03 0.23703200E-05
 0.43718593E+03 0.23151900E-05
 0.44155779E+03 0.22599230E-05
 0.44592965E+03 0.22045680E-05
 0.45030151E+03 0.21491990E-05
 0.45467337E+03 0.20938760E-05
 0.45904523E+03 0.20386760E-05
 0.46341709E+03 0.19836410E-05
 0.46778894E+03 0.19288350E-05
 0.47216080E+03 0.18742970E-05
 0.47653266E+03 0.18200800E-05
 0.48090452E+03 0.17661890E-05
 0.48527638E+03 0.17126650E-05
 0.48964824E+03 0.16595180E-05
 0.49402010E+03 0.16068000E-05
 0.49839196E+03 0.15545320E-05
 0.50276382E+03 0.15027730E-05
 0.50713568E+03 0.14515580E-05
 0.51150754E+03 0.14009280E-05
 0.51587940E+03 0.13509110E-05
 0.52025126E+03 0.13015690E-05
 0.52462312E+03 0.12529330E-05
 0.52899497E+03 0.12050370E-05
 0.53336683E+03 0.11579140E-05
 0.53773869E+03 0.11116010E-05
 0.54211055E+03 0.10661360E-05
 0.54648241E+03 0.10215480E-05
 0.55085427E+03 0.97786400E-06
 0.55522613E+03 0.93511450E-06
 0.55959799E+03 0.89332400E-06
 0.56396985E+03 0.85251650E-06
 0.56834171E+03 0.81271450E-06
 0.57271357E+03 0.77393690E-06
 0.57708543E+03 0.73620150E-06
 0.58145729E+03 0.69952380E-06
 0.58582915E+03 0.66391450E-06
 0.59020101E+03 0.62938610E-06
 0.59457286E+03 0.59594640E-06
 0.59894472E+03 0.56360020E-06
 0.60331658E+03 0.53235180E-06
 0.60768844E+03 0.50220160E-06
 0.61206030E+03 0.47314820E-06
 0.61643216E+03 0.44518890E-06
 0.62080402E+03 0.41831720E-06
 0.62517588E+03 0.39252560E-06
 0.62954774E+03 0.36780520E-06
 0.63391960E+03 0.34414310E-06
 0.63829146E+03 0.32152610E-06
 0.64266332E+03 0.29993880E-06
 0.64703518E+03 0.27936450E-06
 0.65140704E+03 0.25978310E-06
 0.65577889E+03 0.24117740E-06
 0.66015075E+03 0.22352360E-06
 0.66452261E+03 0.20679970E-06
 0.66889447E+03 0.19098120E-06
 0.67326633E+03 0.17604540E-06
 0.67763819E+03 0.16196500E-06
 0.68201005E+03 0.14871450E-06
 0.68638191E+03 0.13626610E-06
 0.69075377E+03 0.12459260E-06
 0.69512563E+03 0.11366620E-06
 0.69949749E+03 0.10345840E-06
 0.70386935E+03 0.93940700E-07
 0.70824121E+03 0.85084500E-07
 0.71261307E+03 0.76860900E-07
 0.71698492E+03 0.69241500E-07
 0.72135678E+03 0.62197700E-07
 0.72572864E+03 0.55701200E-07
 0.73010050E+03 0.49724200E-07
 0.73447236E+03 0.44239000E-07
 0.73884422E+03 0.39218500E-07
 0.74321608E+03 0.34636110E-07
 0.74758794E+03 0.30465650E-07
 0.75195980E+03 0.26681690E-07
 0.75633166E+03 0.23259380E-07
 0.76070352E+03 0.20174560E-07
 0.76507538E+03 0.17403910E-07
 0.76944724E+03 0.14925000E-07
 0.77381910E+03 0.12715690E-07
 0.77819095E+03 0.10754350E-07
 0.78256281E+03 0.90194900E-08
 0.78693467E+03 0.74905000E-08
 0.79130653E+03 0.61481700E-08
 0.79567839E+03 0.49744400E-08
 0.80005025E+03 0.39540800E-08
 0.80442211E+03 0.30754700E-08
 0.80879397E+03 0.23307150E-08
 0.81316583E+03 0.17139250E-08
 0.81753769E+03 0.12175010E-08
 0.82190955E+03 0.83217900E-09
 0.82628141E+03 0.54453800E-09
 0.83065327E+03 0.34151540E-09
 0.83502513E+03 0.20386860E-09
 0.83939698E+03 0.11599870E-09
 0.84376884E+03 0.63724540E-10
 0.84814070E+03 0.33495080E-10
 0.85251256E+03 0.16058482E-10
 0.85688442E+03 0.64812464E-11
 0.86125628E+03 0.23506931E-11
 0.86562814E+03 0.63336037E-12
 0.86562814E+05 0.0
