 0.00000000E+00 0.00000000E+00
 0.43718593E+01 0.87475260E-07
 0.87437186E+01 0.17486490E-06
 0.13115578E+02 0.26208250E-06
 0.17487437E+02 0.34904560E-06
 0.21859296E+02 0.43566930E-06
 0.26231156E+02 0.52187480E-06
 0.30603015E+02 0.60757650E-06
 0.34974874E+02 0.69269280E-06
 0.39346734E+02 0.77713590E-06
 0.43718593E+02 0.86082800E-06
 0.48090452E+02 0.94369700E-06
 0.52462312E+02 0.10257152E-05
 0.56834171E+02 0.11068320E-05
 0.61206030E+02 0.11870350E-05
 0.65577889E+02 0.12662760E-05
 0.69949749E+02 0.13445110E-05
 0.74321608E+02 0.14216800E-05
 0.78693467E+02 0.14977040E-05
 0.83065327E+02 0.15725230E-05
 0.87437186E+02 0.16460780E-05
 0.91809045E+02 0.17183240E-05
 0.96180905E+02 0.17892030E-05
 0.10055276E+03 0.18586820E-05
 0.10492462E+03 0.19267040E-05
 0.10929648E+03 0.19932430E-05
 0.11366834E+03 0.20582510E-05
 0.11804020E+03 0.21216840E-05
 0.12241206E+03 0.21835230E-05
 0.12678392E+03 0.22437330E-05
 0.13115578E+03 0.23022680E-05
 0.13552764E+03 0.23591190E-05
 0.13989950E+03 0.24142410E-05
 0.14427136E+03 0.24676160E-05
 0.14864322E+03 0.25192180E-05
 0.15301508E+03 0.25690400E-05
 0.15738693E+03 0.26170440E-05
 0.16175879E+03 0.26632140E-05
 0.16613065E+03 0.27075320E-05
 0.17050251E+03 0.27499900E-05
 0.17487437E+03 0.27905710E-05
 0.17924623E+03 0.28292580E-05
 0.18361809E+03 0.28660420E-05
 0.18798995E+03 0.29009160E-05
 0.19236181E+03 0.29338600E-05
 0.19673367E+03 0.29648780E-05
 0.20110553E+03 0.29939690E-05
 0.20547739E+03 0.30211050E-05
 0.20984925E+03 0.30463070E-05
 0.21422111E+03 0.30695650E-05
 0.21859296E+03 0.30908790E-05
 0.22296482E+03 0.31102390E-05
 0.22733668E+03 0.31276550E-05
 0.23170854E+03 0.31431360E-05
 0.23608040E+03 0.31566700E-05
 0.24045226E+03 0.31682760E-05
 0.24482412E+03 0.31779610E-05
 0.24919598E+03 0.31857340E-05
 0.25356784E+03 0.31915920E-05
 0.25793970E+03 0.31955610E-05
 0.26231156E+03 0.31976500E-05
 0.26668342E+03 0.31978650E-05
 0.27105528E+03 0.31962290E-05
 0.27542714E+03 0.31927440E-05
 0.27979899E+03 0.31874080E-05
 0.28417085E+03 0.31802560E-05
 0.28854271E+03 0.31713030E-05
 0.29291457E+03 0.31605540E-05
 0.29728643E+03 0.31480540E-05
 0.30165829E+03 0.31338120E-05
 0.30603015E+03 0.31178710E-05
 0.31040201E+03 0.31002530E-05
 0.31477387E+03 0.30809950E-05
 0.31914573E+03 0.30601300E-05
 0.32351759E+03 0.30376810E-05
 0.32788945E+03 0.30136770E-05
 0.33226131E+03 0.29881610E-05
 0.33663317E+03 0.29611550E-05
 0.34100503E+03 0.29326880E-05
 0.34537688E+03 0.29028120E-05
 0.34974874E+03 0.28715370E-05
 0.35412060E+03 0.28389130E-05
 0.35849246E+03 0.28049800E-05
 0.36286432E+03 0.27697680E-05
 0.36723618E+03 0.27333250E-05
 0.37160804E+03 0.26956820E-05
 0.37597990E+03 0.26568880E-05
 0.38035176E+03 0.26169930E-05
 0.38472362E+03 0.25760260E-05
 0.38909548E+03 0.25340480E-05
 0.39346734E+03 0.24911000E-05
 0.39783920E+03 0.24472300E-05
 0.40221106E+03 0.24024930E-05
 0.40658291E+03 0.23569380E-05
 0.41095477E+03 0.23106190E-05
 0.41532663E+03 0.22635890E-05
 0.41969849E+03 0.22159030E-05
 0.42407035E+03 0.21676160E-05
 0.42844221E+03 0.21187950E-05
 0.43281407E+03 0.20695000E-05
 0.43718593E+03 0.20197900E-05
 0.44155779E+03 0.19697370E-05
 0.44592965E+03 0.19193920E-05
 0.45030151E+03 0.18688210E-05
 0.45467337E+03 0.18180840E-05
 0.45904523E+03 0.17672440E-05
 0.46341709E+03 0.17163390E-05
 0.46778894E+03 0.16654250E-05
 0.47216080E+03 0.16145430E-05
 0.47653266E+03 0.15637600E-05
 0.48090452E+03 0.15131110E-05
 0.48527638E+03 0.14626750E-05
 0.48964824E+03 0.14125020E-05
 0.49402010E+03 0.13626800E-05
 0.49839196E+03 0.13132680E-05
 0.50276382E+03 0.12643470E-05
 0.50713568E+03 0.12159820E-05
 0.51150754E+03 0.11682320E-05
 0.51587940E+03 0.11211490E-05
 0.52025126E+03 0.10748110E-05
 0.52462312E+03 0.10292670E-05
 0.52899497E+03 0.98456300E-06
 0.53336683E+03 0.94074600E-06
 0.53773869E+03 0.89785900E-06
 0.54211055E+03 0.85595200E-06
 0.54648241E+03 0.81505400E-06
 0.55085427E+03 0.77519800E-06
 0.55522613E+03 0.73641550E-06
 0.55959799E+03 0.69872800E-06
 0.56396985E+03 0.66215750E-06
 0.56834171E+03 0.62672150E-06
 0.57271357E+03 0.59243310E-06
 0.57708543E+03 0.55930250E-06
 0.58145729E+03 0.52733620E-06
 0.58582915E+03 0.49653550E-06
 0.59020101E+03 0.46690190E-06
 0.59457286E+03 0.43843160E-06
 0.59894472E+03 0.41111780E-06
 0.60331658E+03 0.38495220E-06
 0.60768844E+03 0.35992240E-06
 0.61206030E+03 0.33601380E-06
 0.61643216E+03 0.31321110E-06
 0.62080402E+03 0.29149480E-06
 0.62517588E+03 0.27084440E-06
 0.62954774E+03 0.25123880E-06
 0.63391960E+03 0.23265290E-06
 0.63829146E+03 0.21506190E-06
 0.64266332E+03 0.19843920E-06
 0.64703518E+03 0.18275750E-06
 0.65140704E+03 0.16798690E-06
 0.65577889E+03 0.15410060E-06
 0.66015075E+03 0.14106640E-06
 0.66452261E+03 0.12885430E-06
 0.66889447E+03 0.11743280E-06
 0.67326633E+03 0.10677260E-06
 0.67763819E+03 0.96841000E-07
 0.68201005E+03 0.87607500E-07
 0.68638191E+03 0.79039900E-07
 0.69075377E+03 0.71107800E-07
 0.69512563E+03 0.63780600E-07
 0.69949749E+03 0.57027600E-07
 0.70386935E+03 0.50819100E-07
 0.70824121E+03 0.45125500E-07
 0.71261307E+03 0.39917900E-07
 0.71698492E+03 0.35168100E-07
 0.72135678E+03 0.30848700E-07
 0.72572864E+03 0.26932400E-07
 0.73010050E+03 0.23393400E-07
 0.73447236E+03 0.20206200E-07
 0.73884422E+03 0.17346300E-07
 0.74321608E+03 0.14790090E-07
 0.74758794E+03 0.12514550E-07
 0.75195980E+03 0.10497510E-07
 0.75633166E+03 0.87182200E-08
 0.76070352E+03 0.71558400E-08
 0.76507538E+03 0.57906900E-08
 0.76944724E+03 0.46031400E-08
 0.77381910E+03 0.35748700E-08
 0.77819095E+03 0.26893700E-08
 0.78256281E+03 0.19335100E-08
 0.78693467E+03 0.12960400E-08
 0.79130653E+03 0.76649000E-09
 0.79567839E+03 0.34076000E-09
 0.80005025E+03 0.15560000E-10
 0.80442211E+03 0.00000000E+00
 0.80879397E+03 0.00000000E+00
 0.81316583E+03 0.00000000E+00
 0.81753769E+03 0.00000000E+00
 0.82190955E+03 0.00000000E+00
 0.82628141E+03 0.00000000E+00
 0.83065327E+03 0.00000000E+00
 0.83502513E+03 0.00000000E+00
 0.83939698E+03 0.00000000E+00
 0.84376884E+03 0.00000000E+00
 0.84814070E+03 0.00000000E+00
 0.85251256E+03 0.00000000E+00
 0.85688442E+03 0.00000000E+00
 0.86125628E+03 0.00000000E+00
 0.86562814E+03 0.00000000E+00
 0.86562814E+05 0.00000000E+00
