 0.00000000E+00 0.00000000E+00
 0.43718593E+01 0.92386800E-07
 0.87437186E+01 0.18468900E-06
 0.13115578E+02 0.27682500E-06
 0.17487437E+02 0.36871100E-06
 0.21859296E+02 0.46026800E-06
 0.26231156E+02 0.55141300E-06
 0.30603015E+02 0.64206400E-06
 0.34974874E+02 0.73213700E-06
 0.39346734E+02 0.82155100E-06
 0.43718593E+02 0.91023800E-06
 0.48090452E+02 0.99814900E-06
 0.52462312E+02 0.10852500E-05
 0.56834171E+02 0.11715300E-05
 0.61206030E+02 0.12569300E-05
 0.65577889E+02 0.13414200E-05
 0.69949749E+02 0.14249200E-05
 0.74321608E+02 0.15073600E-05
 0.78693467E+02 0.15886700E-05
 0.83065327E+02 0.16687900E-05
 0.87437186E+02 0.17476600E-05
 0.91809045E+02 0.18252400E-05
 0.96180905E+02 0.19014500E-05
 0.10055276E+03 0.19762700E-05
 0.10492462E+03 0.20496300E-05
 0.10929648E+03 0.21214900E-05
 0.11366834E+03 0.21918100E-05
 0.11804020E+03 0.22605300E-05
 0.12241206E+03 0.23276100E-05
 0.12678392E+03 0.23930200E-05
 0.13115578E+03 0.24567100E-05
 0.13552764E+03 0.25186400E-05
 0.13989950E+03 0.25787700E-05
 0.14427136E+03 0.26370700E-05
 0.14864322E+03 0.26935100E-05
 0.15301508E+03 0.27480400E-05
 0.15738693E+03 0.28006400E-05
 0.16175879E+03 0.28512800E-05
 0.16613065E+03 0.28999200E-05
 0.17050251E+03 0.29465300E-05
 0.17487437E+03 0.29911000E-05
 0.17924623E+03 0.30335900E-05
 0.18361809E+03 0.30739800E-05
 0.18798995E+03 0.31122500E-05
 0.19236181E+03 0.31483800E-05
 0.19673367E+03 0.31823600E-05
 0.20110553E+03 0.32141500E-05
 0.20547739E+03 0.32437500E-05
 0.20984925E+03 0.32711500E-05
 0.21422111E+03 0.32963400E-05
 0.21859296E+03 0.33193000E-05
 0.22296482E+03 0.33400300E-05
 0.22733668E+03 0.33585300E-05
 0.23170854E+03 0.33747900E-05
 0.23608040E+03 0.33888200E-05
 0.24045226E+03 0.34006100E-05
 0.24482412E+03 0.34101700E-05
 0.24919598E+03 0.34175100E-05
 0.25356784E+03 0.34226500E-05
 0.25793970E+03 0.34255800E-05
 0.26231156E+03 0.34263300E-05
 0.26668342E+03 0.34249100E-05
 0.27105528E+03 0.34213400E-05
 0.27542714E+03 0.34156500E-05
 0.27979899E+03 0.34078500E-05
 0.28417085E+03 0.33979800E-05
 0.28854271E+03 0.33860600E-05
 0.29291457E+03 0.33721100E-05
 0.29728643E+03 0.33561800E-05
 0.30165829E+03 0.33383000E-05
 0.30603015E+03 0.33185000E-05
 0.31040201E+03 0.32968300E-05
 0.31477387E+03 0.32733300E-05
 0.31914573E+03 0.32480300E-05
 0.32351759E+03 0.32209800E-05
 0.32788945E+03 0.31922400E-05
 0.33226131E+03 0.31618500E-05
 0.33663317E+03 0.31298600E-05
 0.34100503E+03 0.30963200E-05
 0.34537688E+03 0.30613000E-05
 0.34974874E+03 0.30248300E-05
 0.35412060E+03 0.29869700E-05
 0.35849246E+03 0.29477800E-05
 0.36286432E+03 0.29073200E-05
 0.36723618E+03 0.28656500E-05
 0.37160804E+03 0.28228100E-05
 0.37597990E+03 0.27788900E-05
 0.38035176E+03 0.27339300E-05
 0.38472362E+03 0.26880000E-05
 0.38909548E+03 0.26411600E-05
 0.39346734E+03 0.25934800E-05
 0.39783920E+03 0.25450200E-05
 0.40221106E+03 0.24958500E-05
 0.40658291E+03 0.24460300E-05
 0.41095477E+03 0.23956200E-05
 0.41532663E+03 0.23447000E-05
 0.41969849E+03 0.22933300E-05
 0.42407035E+03 0.22415700E-05
 0.42844221E+03 0.21894900E-05
 0.43281407E+03 0.21371600E-05
 0.43718593E+03 0.20846300E-05
 0.44155779E+03 0.20319800E-05
 0.44592965E+03 0.19792800E-05
 0.45030151E+03 0.19265700E-05
 0.45467337E+03 0.18739400E-05
 0.45904523E+03 0.18214400E-05
 0.46341709E+03 0.17691200E-05
 0.46778894E+03 0.17170400E-05
 0.47216080E+03 0.16652200E-05
 0.47653266E+03 0.16137100E-05
 0.48090452E+03 0.15625300E-05
 0.48527638E+03 0.15117400E-05
 0.48964824E+03 0.14613600E-05
 0.49402010E+03 0.14114600E-05
 0.49839196E+03 0.13620700E-05
 0.50276382E+03 0.13132600E-05
 0.50713568E+03 0.12650800E-05
 0.51150754E+03 0.12175700E-05
 0.51587940E+03 0.11707700E-05
 0.52025126E+03 0.11247300E-05
 0.52462312E+03 0.10795000E-05
 0.52899497E+03 0.10351000E-05
 0.53336683E+03 0.99157800E-06
 0.53773869E+03 0.94896300E-06
 0.54211055E+03 0.90728500E-06
 0.54648241E+03 0.86657100E-06
 0.55085427E+03 0.82684800E-06
 0.55522613E+03 0.78813600E-06
 0.55959799E+03 0.75045400E-06
 0.56396985E+03 0.71381900E-06
 0.56834171E+03 0.67824400E-06
 0.57271357E+03 0.64374000E-06
 0.57708543E+03 0.61031500E-06
 0.58145729E+03 0.57797500E-06
 0.58582915E+03 0.54672200E-06
 0.59020101E+03 0.51655600E-06
 0.59457286E+03 0.48747600E-06
 0.59894472E+03 0.45947600E-06
 0.60331658E+03 0.43255200E-06
 0.60768844E+03 0.40669200E-06
 0.61206030E+03 0.38188800E-06
 0.61643216E+03 0.35812500E-06
 0.62080402E+03 0.33539000E-06
 0.62517588E+03 0.31366600E-06
 0.62954774E+03 0.29293500E-06
 0.63391960E+03 0.27317900E-06
 0.63829146E+03 0.25437700E-06
 0.64266332E+03 0.23650800E-06
 0.64703518E+03 0.21954800E-06
 0.65140704E+03 0.20347400E-06
 0.65577889E+03 0.18826200E-06
 0.66015075E+03 0.17388600E-06
 0.66452261E+03 0.16032200E-06
 0.66889447E+03 0.14754300E-06
 0.67326633E+03 0.13552200E-06
 0.67763819E+03 0.12423300E-06
 0.68201005E+03 0.11364900E-06
 0.68638191E+03 0.10374300E-06
 0.69075377E+03 0.94487400E-07
 0.69512563E+03 0.85856300E-07
 0.69949749E+03 0.77822400E-07
 0.70386935E+03 0.70359400E-07
 0.70824121E+03 0.63441000E-07
 0.71261307E+03 0.57041200E-07
 0.71698492E+03 0.51134600E-07
 0.72135678E+03 0.45696200E-07
 0.72572864E+03 0.40701200E-07
 0.73010050E+03 0.36125700E-07
 0.73447236E+03 0.31946000E-07
 0.73884422E+03 0.28139200E-07
 0.74321608E+03 0.24682700E-07
 0.74758794E+03 0.21554700E-07
 0.75195980E+03 0.18733900E-07
 0.75633166E+03 0.16199500E-07
 0.76070352E+03 0.13931600E-07
 0.76507538E+03 0.11910300E-07
 0.76944724E+03 0.10116900E-07
 0.77381910E+03 0.85334600E-08
 0.77819095E+03 0.71420100E-08
 0.78256281E+03 0.59259300E-08
 0.78693467E+03 0.48710600E-08
 0.79130653E+03 0.39611500E-08
 0.79567839E+03 0.31818100E-08
 0.80005025E+03 0.25210200E-08
 0.80442211E+03 0.19671000E-08
 0.80879397E+03 0.15080900E-08
 0.81316583E+03 0.11336000E-08
 0.81753769E+03 0.83384300E-09
 0.82190955E+03 0.59626100E-09
 0.82628141E+03 0.41329500E-09
 0.83065327E+03 0.27670600E-09
 0.83502513E+03 0.17674600E-09
 0.83939698E+03 0.10621500E-09
 0.84376884E+03 0.60037600E-10
 0.84814070E+03 0.31250200E-10
 0.85251256E+03 0.14737200E-10
 0.85688442E+03 0.56971000E-11
 0.86125628E+03 0.19840000E-11
 0.86562814E+03 0.59226200E-12
 0.87000000E+03 0.14641200E-12
