   2.05452406446631        2.40787135956308        2.76666676149988     
   3.12632023985638        3.48579182109791        10.0000000000000     
   1.62107495094423        2.12951477081833        2.65890398207217     
   3.19321266734497        3.72430177393816        10.0000000000000     
   1.98810603477109        2.30541305363068        2.62680713507607     
   2.94878133916971        3.27070980761053        11.1419138419584     
   2.72443014557447        3.45900328613716        4.21466328304704     
   4.97412404993335        5.73217709188137        11.1419138419584     
   1.88785627674170        2.16762200226860        2.45039957282588     
   2.73357233575859        3.01673894727571        12.4142244061625     
   2.92827713784478        3.59630010067610        4.27802951352741     
   4.96187359881753        5.64533668074891        12.4142244061625     
   1.78742219735425        2.03455099880666        2.28384005958829     
   2.53339175305640        2.78294320733187        13.8318218748200     
   2.57682066965123        3.07588340885174        3.58263946971857     
   4.09046894123463        4.59822756284737        13.8318218748200     
   1.69808877688728        1.91797858117205        2.13932450957129     
   2.36083785031835        2.58235119086869        15.4112967606560     
   2.21834958094777        2.58966957611710        2.96543302297288     
   3.34177017425482        3.71809907363637        15.4112967606560     
   1.61730801372852        1.81337085851376        2.01038737623015     
   2.20751219312956        2.40463701002897        17.1711340700082     
   1.96763538997978        2.25915419260852        2.55335694731055     
   2.84788337640788        3.14240941421676        17.1711340700082     
   1.53827413995420        1.71261797928591        1.88760713376007     
   2.06266955296824        2.23773197217642        19.1319296376749     
   1.79915494661074        2.04011250023603        2.28271482883751     
   2.52550652185452        2.76829821241885        19.1319296376749     
   1.45948647978412        1.61472772741558        1.77042611106171     
   1.92617639485138        2.08192667864106        21.3166311653384     
   1.67454724541388        1.88015763712071        2.08679830053217     
   2.29355601311394        2.50031372569571        21.3166311653384     
   1.38989358053475        1.53025725062413        1.67096164255086     
   1.81170471773969        1.95244779292852        23.7508067845007     
   1.57090000545692        1.74950167290451        1.92878430924759     
   2.10814425822118        2.28750420719477        23.7508067845007     
   1.33572040583463        1.46593440488544        1.59641597839572     
   1.72692793050756        1.85743988261941        26.4629442869908     
   1.48083534522289        1.63845766661177        1.79655789693706     
   1.95471238582350        2.11286687470994        26.4629442869908     
   1.29269717226518        1.41630249140037        1.54012743189997     
   1.66397730672977        1.78782718155958        29.4847845250197     
   1.40660963099763        1.54884143568430        1.69142858377267     
   1.83405607515705        1.97668356654144        29.4847845250197     
   1.25668646609502        1.37589907251559        1.49529836714290     
   1.61471885709155        1.73413934704021        32.8516928826479     
   1.34908610757319        1.48084950541782        1.61289163376387     
   1.74496540729336        1.87703918082284        32.8516928826479     
   1.22616580078055        1.34231319787222        1.45862381919948     
   1.57495297190687        1.69128212461426        36.6030731660942     
   1.30402465886513        1.42890949575269        1.55402296652853     
   1.67916239485583        1.80430182318312        36.6030731660942     
   1.20047021920349        1.31435473870970        1.42838527399374     
   1.54243238692555        1.65647949985736        40.7828287567522     
   1.26700805889661        1.38729079434597        1.50776781590543     
   1.62826689540100        1.74876597489657        40.7828287567522     
   1.17903621650985        1.29116482040211        1.40342651700767     
   1.51570332406331        1.62798013111895        45.4398764239077     
   1.23593340702311        1.35299902263529        1.47023444925829     
   1.58748915507951        1.70474386090072        45.4398764239077     
   1.16136776342886        1.27209098976393        1.38293741970036     
   1.49379783734371        1.60465825498706        50.6287188104418     
   1.20986094087236        1.32456218304151        1.43941526667702     
   1.55428558936971        1.66915591206240        50.6287188104418     
   1.14687858054693        1.25645148163779        1.36613989343650     
   1.47584141954282        1.58554294564914        56.4100822914682     
   1.18809003385382        1.30096947414803        1.41398723655225     
   1.52702070311703        1.64005416968180        56.4100822914682     
   1.13506632314145        1.24368920926237        1.35242154141508     
   1.46116629933295        1.56991105725081        62.8516276709324     
   1.17003753269851        1.28146457545056        1.39301956609153     
   1.50458908307386        1.61615860005619        62.8516276709324     
   1.12542140319870        1.23325249816113        1.34118819863844     
   1.44913577532121        1.55708335200398        70.0287420336379     
   1.15513282249071        1.26537419132955        1.37573541324487     
   1.48611024247108        1.59648507169730        70.0287420336379     
   1.11759107345219        1.22476542707574        1.33204048750337     
   1.43932698150311        1.54661347550286        78.0254210199525     
   1.14287699588248        1.25213814431533        1.36151274168404     
   1.47090021928067        1.58028769687731        78.0254210199525     
   1.11119012010711        1.21781622158035        1.32453985842130     
   1.43127456877083        1.53800927912037        86.9352518486843     
   1.13280453940758        1.24124831007806        1.34980040113111     
   1.45836479015068        1.56692917917026        86.9352518486843     
   1.10592780629980        1.21209482480491        1.31835677705965     
   1.42462950745279        1.53090223784592        96.8625085926998     
   1.12452546685110        1.23228499587036        1.34014869536457     
   1.44802422167275        1.55589974798093        96.8625085926998     
   1.10162622913623        1.20741274688022        1.31329205247963     
   1.41918189258707        1.52507173269451        107.923372525582     
   1.11771550049358        1.22490155892534        1.33218839950571     
   1.43948668221230        1.54678496491890        107.923372525582     
   1.09807309672111        1.20354194388750        1.30910179555460     
   1.41467197925965        1.52024216296470        120.247291821362     
   1.11207003221693        1.21877200593222        1.32557197015199     
   1.43238305955351        1.53919414895503        120.247291821362     
   1.09511837280536        1.20032113248477        1.30561340538488     
   1.41091584101305        1.51621827664122        133.978496520244     
   1.10739619538060        1.21369127630287        1.32008203295604     
   1.42648365198716        1.53288527101829        133.978496520244     
   1.09266096349027        1.19764159298374        1.30271048288477     
   1.40778939327791        1.51286830367105        149.277686490369     
   1.10350639928660        1.20945855531402        1.31550445464519     
   1.42156099695954        1.52761753927390        149.277686490369     
   1.09061144652113        1.19540664567788        1.30028904783836     
   1.40518135044042        1.51007365304248        166.323912140257     
   1.10026369166215        1.20592721340707        1.31168285630902     
   1.41744895802656        1.52321505974410        166.323912140257     
   1.08888145480268        1.19352026241352        1.29824537541825     
   1.40298028695601        1.50771519849376        185.316669892421     
   1.09755107234498        1.20297146018972        1.30848260028500     
   1.41400404377943        1.51952548727386        185.316669892421     
   1.08742047535391        1.19192757991957        1.29652022513883     
   1.40112258206765        1.50572493899648        206.478236942000     
   1.09525146080414        1.20046465285220        1.30576743449952     
   1.41108038754640        1.51639334059328        206.478236942000     
   1.08618108270248        1.19057691491160        1.29505763361816     
   1.39954798976578        1.50403834591341        230.056272624725     
   1.09331473829080        1.19835299658505        1.30347985424325     
   1.40861677087637        1.51375368750949        230.056272624725     
   1.08513122409266        1.18943331046743        1.29381972215233     
   1.39821570756487        1.50261169297742        256.326716838678     
   1.09166306679333        1.19655193590193        1.30152855629435     
   1.40651513937638        1.51150172245840        256.326716838678     
   1.08422064898645        1.18844179026109        1.29274677235093     
   1.39706127316213        1.50137577397333        285.597019440863     
   1.09024924184990        1.19501023445408        1.29985824922529     
   1.40471614390711        1.50957403858893        285.597019440863     
   1.08343886317846        1.18759091499371        1.29182638883413     
   1.39607133384930        1.50031627886448        318.209738413022     
   1.08902832322844        1.19367896632998        1.29841600202548     
   1.40316284615410        1.50790969028272        318.209738413022     
   1.08276380206611        1.18685654132390        1.29103233939485     
   1.39521756740391        1.49940279541297        354.546548907002     
   1.08799768071489        1.19255546915425        1.29719910693810     
   1.40185249147818        1.50650587601826        354.546548907002     
   1.08218643966083        1.18622880730202        1.29035391842433     
   1.39448842368407        1.49862292894382        395.032710088551     
   1.08709567199890        1.19157232494784        1.29613435469422     
   1.40070607754703        1.50527780039985        395.032710088551     
   1.08169777076609        1.18569786911159        1.28978043694511     
   1.39387236780874        1.49796429867237        440.142042056198     
   1.08633233524854        1.19074063826526        1.29523390810657     
   1.39973682450876        1.50423974091095        440.142042056198     
   1.08125306770280        1.18521472402128        1.28925860886270     
   1.39331182937667        1.49736504989063        490.402471081380     
   1.08564259994104        1.18998915698451        1.29442032091845     
   1.39886109054876        1.50330186017908        490.402471081380     
   1.08087821503505        1.18480777010668        1.28881934361427     
   1.39284022894255        1.49686111427083        546.402208067224     
   1.08504356136129        1.18933667310515        1.29371407695206     
   1.39810105075652        1.50248802456097        546.402208067224     
   1.08054068908298        1.18444138130213        1.28842390679312     
   1.39241572308251        1.49640753937190        608.796632534085     
   1.08454206156604        1.18879072857346        1.29312341331433     
   1.39746563686265        1.50180786041097        608.796632534085     
   1.08024331685152        1.18411868105806        1.28807571555805     
   1.39204202235297        1.49600832914790        678.315962696920     
   1.08409303329190        1.18830195891596        1.29259466038252     
   1.39689687319387        1.50119908600522        678.315962696920     
   1.07999825290012        1.18385301708586        1.28778930917522     
   1.39173485739353        1.49568040561184        755.773801399417     
   1.08370292384312        1.18787746085104        1.29213556102280     
   1.39640314839325        1.50067073576370        755.773801399417     
   1.07976907879715        1.18360449264084        1.28752130768863     
   1.39144736448077        1.49537342127291        842.076657920171     
   1.08334595119554        1.18748900031210        1.29171542392848     
   1.39595131332390        1.50018720271933        842.076657920171     
   1.07955347755675        1.18337059063801        1.28726899190434     
   1.39117662208359        1.49508425226284        938.234557087084     
   1.08303686329968        1.18715276681920        1.29135187858213     
   1.39556043724847        1.49976899591482        938.234557087084     
   1.07938015027591        1.18318279398063        1.28706662711249     
   1.39095967794495        1.49485272877742        1045.37285986123     
   1.08276559624095        1.18685775096887        1.29103296696077     
   1.39521761316903        1.49940225937729        1045.37285986123     
   1.07922361598862        1.18301319180147        1.28688386926205     
   1.39076375445735        1.49464363965266        1164.74543372955     
   1.08252369915469        1.18659470978364        1.29074865129825     
   1.39491200822693        1.49907536515562        1164.74543372955     
   1.07909202302122        1.18287073523832        1.28673047173615     
   1.39059940718498        1.49446834263381        1297.74932704292     
   1.08232087514134        1.18637429805474        1.29051053706880     
   1.39465617846502        1.49880181986125        1297.74932704292     
   1.07896284746555        1.18273075204277        1.28657961123295     
   1.39043766146452        1.49429571169609        1445.94111903717     
   1.08213964965755        1.18617737877771        1.29029782195215     
   1.39442765592311        1.49855748989406        1445.94111903717     
   1.07887150192096        1.18263207705351        1.28647354659933     
   1.39032420035189        1.49417485410444        1611.05513688571     
   1.08195954251559        1.18598151895836        1.29008611726805     
   1.39420009590791        1.49831407454777        1611.05513688571     
   1.07875497047913        1.18250564898137        1.28633716566550     
   1.39017786017223        1.49401855467896        1795.02375298251     
   1.08182420445914        1.18583458099609        1.28992749925991     
   1.39402978875535        1.49813207825078        1795.02375298251     
   1.07868172756273        1.18242654171043        1.28625214623369     
   1.39008692315193        1.49392170007017        2000.00000000000     
   1.08169100323994        1.18568984771680        1.28977116157232     
   1.39386183844552        1.49795251531872        2000.00000000000     
