   1.81193382386415        2.15270055402748        2.49804402489742     
   2.84426002875511        3.19043833334498        10.0000000000000     
   1.47910847129745        1.96314247841569        2.46506436026796     
   2.97090180967796        3.47607198208519        10.0000000000000     
   1.74910680388400        2.05614419049662        2.36660321566467     
   2.67769394460747        2.98877519456249        11.1419138419584     
   2.45064846149679        3.14904742656946        3.86527160685456     
   4.58505321458065        5.30454306286774        11.1419138419584     
   1.65948708763681        1.93109649593554        2.20521764008096     
   2.47978866307332        2.75435841114840        12.4142244061625     
   2.59797409314423        3.23505316108163        3.88364845488000     
   4.53442876876459        5.18513011741889        12.4142244061625     
   1.57230825354358        1.81286168366196        2.05520368323839     
   2.29785276046824        2.54050178812430        13.8318218748200     
   2.26260845195449        2.74180980825539        3.22744768958384     
   3.71426606084721        4.20106974804430        13.8318218748200     
   1.49653125213830        1.71093652791364        1.92653597368084     
   2.14233309730067        2.35813022087992        15.4112967606560     
   1.93702175915800        2.29640656674819        2.65949074098440     
   3.02323119261981        3.38696993400008        15.4112967606560     
   1.42898709485195        1.62042930130166        1.81265080600291     
   2.00500030297085        2.19734979993891        17.1711340700082     
   1.71620529070316        2.00015934165689        2.28633163692902     
   2.57288264483863        2.85943357165175        17.1711340700082     
   1.36350262101127        1.53403552292165        1.70509566972004     
   1.87624240368582        2.04738913765169        19.1319296376749     
   1.57247041908357        1.80807548731628        2.04502947989350     
   2.28220699525601        2.51938451011041        19.1319296376749     
   1.29927792522585        1.45134890740596        1.60379338558982     
   1.75629920142100        1.90880501725224        21.3166311653384     
   1.46916615467254        1.67062898349026        1.87293383741401     
   2.07537702282477        2.27782020823567        21.3166311653384     
   1.24468735206448        1.38213097349096        1.51985297649438     
   1.65762069691061        1.79538841732690        23.7508067845007     
   1.38497905487302        1.56021290549889        1.73600313143625     
   1.91188472850557        2.08776632557498        23.7508067845007     
   1.20509970404381        1.33219331411649        1.45950554181741     
   1.58685367215410        1.71420180249083        26.4629442869908     
   1.31332122585273        1.46804402415017        1.62315729065003     
   1.77833468206863        1.93351207348731        26.4629442869908     
   1.17589814734062        1.29589685734174        1.41607500562668     
   1.53628262229163        1.65649023895661        29.4847845250197     
   1.25633996434173        1.39577015060818        1.53549066477757     
   1.67525885825367        1.81502705172981        29.4847845250197     
   1.15237689103338        1.26744501510346        1.38266566992353     
   1.49791137421470        1.61315707850589        32.8516928826479     
   1.21467051022124        1.34337066049086        1.47229854326255     
   1.60126382556664        1.73022910787078        32.8516928826479     
   1.13247407370533        1.24403951833696        1.35573832283907     
   1.46745902846093        1.57917973408281        36.6030731660942     
   1.18400945681242        1.30534810959374        1.42687356420396     
   1.54842969647763        1.66998582875132        36.6030731660942     
   1.11533296947048        1.22434345765484        1.33347324580192     
   1.44262262607038        1.55177200633886        40.7828287567522     
   1.15972650807351        1.27594028986094        1.39231281014934     
   1.50871139938116        1.62510998861301        40.7828287567522     
   1.10049965602471        1.20759128432025        1.31479165398587     
   1.42200988178047        1.52922810957509        45.4398764239077     
   1.13944034284053        1.25200022280254        1.36469884425920     
   1.47742025063667        1.59014165701417        45.4398764239077     
   1.08774042534312        1.19335690629008        1.29907404885914     
   1.40480772265481        1.51054139645050        50.6287188104418     
   1.12212468656720        1.23201377315872        1.34202691950285     
   1.45206043964825        1.56209395979366        50.6287188104418     
   1.07678718233467        1.18124250552814        1.28579220498247     
   1.39035740344549        1.49492260190853        56.4100822914682     
   1.10721130424849        1.21509385544631        1.32308942061299     
   1.43110354557922        1.53911767054547        56.4100822914682     
   1.06744018936594        1.17096718396298        1.27458359976987     
   1.37821470083867        1.48184580190748        62.8516276709324     
   1.09436942638383        1.20070735838332        1.30714982825264     
   1.41360946592811        1.52006910360360        62.8516276709324     
   1.05945548369889        1.16222719209759        1.26508436683567     
   1.36795557734424        1.47082678785282        70.0287420336379     
   1.08332280986254        1.18844486403551        1.29366484233535     
   1.39890090229470        1.50413696225407        70.0287420336379     
   1.05269136439066        1.15484631658959        1.25708354974576     
   1.35933429555075        1.46158504135576        78.0254210199525     
   1.07385463600736        1.17800348741115        1.28224503053648     
   1.38650179602582        1.49075856151518        78.0254210199525     
   1.04693247578682        1.14857658271141        1.25030037941954     
   1.35203726323915        1.45377414705877        86.9352518486843     
   1.06574779038081        1.16910590013607        1.27255251140667     
   1.37601365690168        1.47947480239671        86.9352518486843     
   1.04201546653197        1.14323232151866        1.24452674067656     
   1.34583389786574        1.44714105505494        96.8625085926998     
   1.05881664574930        1.16152519164910        1.26431884844555     
   1.36712648263965        1.46993411683376        96.8625085926998     
   1.03785350160415        1.13871484575038        1.23965200079772     
   1.34060160594430        1.44155121109089        107.923372525582     
   1.05289888176309        1.15506962654987        1.25732271385299     
   1.35958932391452        1.46185593397606        107.923372525582     
   1.03430424574298        1.13486631136005        1.23550273081548     
   1.33615136108298        1.43679999135050        120.247291821362     
   1.04781701162611        1.14953659032540        1.25133623067078     
   1.35314901919704        1.45496180772331        120.247291821362     
   1.03126664716098        1.13157514397764        1.23195677620509     
   1.33235041914748        1.43274406208988        133.978496520244     
   1.04347116444421        1.14481204625073        1.24623109845294     
   1.34766298824408        1.44909487803523        133.978496520244     
   1.02867298020861        1.12876687626319        1.22893288413670     
   1.32911073462506        1.42928858511343        149.277686490369     
   1.03974462523169        1.14076551152017        1.24186298934423     
   1.34297304546778        1.44408310159134        149.277686490369     
   1.02645729572509        1.12636927895983        1.22635251007784     
   1.32634744193024        1.42634237378264        166.323912140257     
   1.03655163799793        1.13730166378237        1.23812695575216     
   1.33896460836487        1.43980226097760        166.323912140257     
   1.02454812144487        1.12430420418604        1.22413080143206     
   1.32396897897288        1.42380715651371        185.316669892421     
   1.03381265601807        1.13433268882217        1.23492686936746     
   1.33553322687838        1.43613958438931        185.316669892421     
   1.02290507043080        1.12252767501472        1.22222016928409     
   1.32192414123686        1.42162811318964        206.478236942000     
   1.03143876674706        1.13176089182810        1.23215621472384     
   1.33256355858286        1.43297090244189        206.478236942000     
   1.02148754304000        1.12099549566598        1.22057280350911     
   1.32016150126219        1.41975019901528        230.056272624725     
   1.02939736035509        1.12955057512986        1.22977617866269     
   1.33001367029090        1.43025116191911        230.056272624725     
   1.02026730560564        1.11967703003449        1.21915565117096     
   1.31864558691834        1.41813552266572        256.326716838678     
   1.02762485258365        1.12763216916682        1.22771118159711     
   1.32780196832898        1.42789275506087        256.326716838678     
   1.01919764347267        1.11852133666190        1.21791353070958     
   1.31731697435953        1.41672041800950        285.597019440863     
   1.02608305030515        1.12596401789244        1.22591608561314     
   1.32587982980389        1.42584357399466        285.597019440863     
   1.01826835121606        1.11751751134977        1.21683483017591     
   1.31616334241188        1.41549185464787        318.209738413022     
   1.02473346669082        1.12450415976866        1.22434543859683     
   1.32419830942014        1.42405118024346        318.209738413022     
   1.01745781297510        1.11664209731349        1.21589424358748     
   1.31515753453620        1.41442082548493        354.546548907002     
   1.02357574616204        1.12325247377475        1.22299934328409     
   1.32275773189639        1.42251612050869        354.546548907002     
   1.01675636950091        1.11588473000397        1.21508069480542     
   1.31428776197094        1.41349482913648        395.032710088551     
   1.02255286295866        1.12214663654404        1.22181016593872     
   1.32148515103088        1.42116013612305        395.032710088551     
   1.01615423674869        1.11523488015276        1.21438290399333     
   1.31354199343409        1.41270108287486        440.142042056198     
   1.02167446597839        1.12119747225291        1.22078989937467     
   1.32039372718451        1.41999755499437        440.142042056198     
   1.01560803561421        1.11464512192147        1.21374939178838     
   1.31286469492323        1.41197999805810        490.402471081380     
   1.02087906394047        1.12033771392025        1.21986549066857     
   1.31940461980970        1.41894374895085        490.402471081380     
   1.01514074351807        1.11414083322158        1.21320793483638     
   1.31228604153006        1.41136414822374        546.402208067224     
   1.02018213741825        1.11958454213539        1.21905581642882     
   1.31853840087749        1.41802098532616        546.402208067224     
   1.01472053439429        1.11368722419286        1.21272077461721     
   1.31176530527546        1.41080983593373        608.796632534085     
   1.01958933392872        1.11894432671558        1.21836796490923     
   1.31780287644372        1.41723778797822        608.796632534085     
   1.01434886886202        1.11328601976378        1.21228989813230     
   1.31130473486660        1.41031957160091        678.315962696920     
   1.01905740866927        1.11836976153245        1.21775056216910     
   1.31714260369013        1.41653464521117        678.315962696920     
   1.01403605497663        1.11294863988837        1.21192783592944     
   1.31091797123069        1.40990810653194        755.773801399417     
   1.01859151980541        1.11786664205388        1.21721003830998     
   1.31656464691364        1.41591925551731        755.773801399417     
   1.01374688869700        1.11263653946699        1.21159269784842     
   1.31055977848972        1.40952685913103        842.076657920171     
   1.01816653757791        1.11740750822063        1.21671659872593     
   1.31603687626419        1.41535715380246        842.076657920171     
   1.01347828274197        1.11234641077263        1.21128095407423     
   1.31022640447102        1.40917185486783        938.234557087084     
   1.01779545872811        1.11700672829659        1.21628598189038     
   1.31557640020916        1.41486681852795        938.234557087084     
   1.01325635626077        1.11210699157588        1.21102396147327     
   1.30995182521470        1.40887968895614        1045.37285986123     
   1.01746800504003        1.11665311465717        1.21590608821231     
   1.31517020677103        1.41443432532976        1045.37285986123     
   1.01305644502070        1.11189127332193        1.21079236448662     
   1.30970433771728        1.40861631094794        1164.74543372955     
   1.01717547010720        1.11633719354653        1.21556667440025     
   1.31480728276362        1.41404789112701        1164.74543372955     
   1.01288553227081        1.11170697453122        1.21059461644355     
   1.30949313004089        1.40839164363824        1297.74932704292     
   1.01692626355776        1.11606826612177        1.21527793231683     
   1.31449871061992        1.41371948892301        1297.74932704292     
   1.01272188035307        1.11153028400496        1.21040483038780     
   1.30929023910775        1.40817564782771        1445.94111903717     
   1.01670331642525        1.11582766256507        1.21501958896053     
   1.31422261377162        1.41342563858271        1445.94111903717     
   1.01259819560790        1.11139714059016        1.21026217911813     
   1.30913807190574        1.40801396469336        1611.05513688571     
   1.01648679558061        1.11559367168993        1.21476805273460     
   1.31395351982537        1.41313898691616        1611.05513688571     
   1.01245485731455        1.11124214281457        1.21009547591731     
   1.30895965573467        1.40782383555204        1795.02375298251     
   1.01631717228607        1.11541075977302        1.21457178671812     
   1.31374388895628        1.41291599119446        1795.02375298251     
   1.01235570856972        1.11113539498573        1.20998108994503     
   1.30883762520439        1.40769416046375        2000.00000000000     
   1.01615390616235        1.11523447715581        1.21438242849640     
   1.31354144542251        1.41270046234863        2000.00000000000     
