# recoil energy (KeVnr), efficiency, taken from Fig.9 of 1310.8214 (S1,S2 combined, after threshold cuts)   
1.0025  0.0
2.0058  0.0137
2.9903  0.1613
4.0057  0.4109
5.021  0.6578
6.0581  0.83
7.0397  0.9224
8.0187  0.9639
9.0484  0.9914
10.1027  0.9969
11.0539  0.9982
15.0386  1.000
16.0926  1.000
17.0949  0.9952
18.0457  0.9883
19.0474  0.9718
20.0483  0.9386
21.023  0.8972
22.0222  0.8323
23.02  0.7385
24.0183  0.6557
25.0147  0.5356
26.0117  0.4281
27.009  0.326
27.9811  0.2335
29.0317  0.1659
30.0576  0.1203
31.0064  0.0748
31.956  0.0444
32.9832  0.0237
34.011  0.014
34.9872  2.9315e-3
35.9897  1.3829e-4
37.018  1.0283e-4
37.9948  0.0
38.9459  0.0
