# LUX 90% 1 sigma background upper limit 
9.1255 3.077e-8
9.4294 2.6277e-8
9.7001 2.0198e-8
10.1653 1.5716e-8
10.7022 1.2278e-8
11.1629 9.8274e-9
11.7528 7.5541e-9
12.964 5.1636e-9
13.9699 3.8897e-9
15.9163 2.8138e-9
17.3086 2.289e-9
19.6258 1.8101e-9
21.8418 1.521e-9
25.1086 1.3201e-9
28.0691 1.2076e-9
31.523 1.1365e-9
35.4 1.1003e-9
41.0629 1.1003e-9
48.2973 1.1228e-9
58.134 1.1979e-9
72.6106 1.358e-9
93.6762 1.6162e-9
144.0854 2.3739e-9
223.6825 3.5154e-9
491.3715 7.4028e-9
1478.7255 2.129e-8
3465.713 4.881e-8
4858.956 6.8297e-8
