# LUX 90%CL. on 1 sigma bkg lower limit 
8.581 3.0595e-8
8.7012 2.4676e-8
8.9883 1.9982e-8
9.2849 1.4562e-8
9.6806 1.1649e-8
9.9537 9.8241e-9
10.2821 7.5774e-9
11.1256 5.0709e-9
11.8169 3.8017e-9
12.6681 2.6819e-9
13.2694 2.1895e-9
14.559 1.602e-9
15.6804 1.2357e-9
18.0208 8.6817e-10
20.0492 7.0877e-10
22.5137 5.7863e-10
25.5166 4.9596e-10
29.5986 4.2683e-10
37.4959 3.9356e-10
44.9292 3.888e-10
55.8709 4.1488e-10
66.329 4.4994e-10
80.9663 5.0407e-10
103.046 6.0259e-10
137.3719 7.8126e-10
216.4052 1.1674e-9
347.2909 1.773e-9
667.8276 3.3797e-9
1415.5617 7.13e-9
3322.7744 1.6715e-8
4951.1148 2.4877e-8
